110022113322003344445555 1
220033110022113344445555 1
000011112222333344445555 2
330000111122223344445555 1
515022113424030314042535 2
414022113525303024341505 2
213022113021330054544545 2
010142413322053544301255 2
101052513322043444210355 2
001132013322013244554455 2
111122223333000044445555 2
113322003311002244445555 2
112222333300001144445555 2
150512124342003341405253 2
140421215352003342435150 2
120311220312003345455454 2
110024143232505330445512 2
110025152323404321445503 2
110023102233102355445544 2
535000111424232334042515 2
434000111525323224143505 2
231000111023332254544545 2
030340411122253544321055 2
303050511122243444012355 2
003330211122213044554455 2
331100221133220044445555 2
333300001111222244445555 2
332200331100221144445555 2
350510104142223343405251 2
340401015152223342415350 2
320111000132223345455454 2
330004141212525332445510 2
330005152121424301445523 2
330003122211120355445544 2
525033110424131324042505 2
424033110525313124042505 2
220033110022331154544545 2
020243410022153544311355 2
202053510022143444311355 2
002233110022113344554455 2
221133220033110044445555 2
223333000011112244445555 2
222233330000111144445555 2
250513134042113342405250 2
240431315052113342405250 2
220011330022113345455454 2
220034140202515331445513 2
220035152020414331445513 2
220033112200113355445544 2
505011112424333304042525 1
115024113324503300442525 2
335050111124243344002525 2
245033115024113340402525 2
202011112020333354544545 1
404011112525333324240505 1
550001412424323504331125 2
005551212424343004113325 2
050531312424313104524025 2
501111242433335004045522 2
503311502411332404042255 2
502411332450331104045252 2
555511114444333300002222 2
545411115454333302022020 2
525211110404333305052424 2
505010144422235333042511 2
505015122244430311042533 2
505013134242131352042540 2
114025113325403322440505 2
334040111125253344220505 2
254033114025113342420505 2
440021412525303524331105 2
004451012525343224113305 2
040431312525313124504205 2
401111252533334024245500 2
403311402511332524240055 2
402511332540331124245050 2
454511114545333320200202 2
444411115555333322220000 2
424211110505333325250404 2
404012145522035333240511 2
404015102255432311240533 2
404013135252131350240542 2
112020113320203355444545 2
332020111120203344554545 2
202033112020113345454545 2
220051412020343554331145 2
002251412020343554113345 2
020231312020313154544545 2
201111202033332054545544 2
203311202011332054544455 2
202011332020331154545454 2
252511114040333350504242 2
242411115050333352524040 2
222211110000333355554444 2
202015140022435333544511 2
202015142200435311544533 2
202013130202131354544545 2
000041412222353544331155 1
410022413522003534341155 2
350000414122223543431155 2
220035410022413533441155 2
105041412324553304032125 2
403041412521335524230105 2
202041412020535314534135 2
000031312222313144554455 1
000051512222343444113355 1
004141222235350044331515 2
003541002241352244335151 2
002241352200354144335511 2
010544113242353540301252 2
040311445212353542321050 2
020214140202353541351453 2
000044442222555533331111 2
000045452222454511331133 2
000043432222151555331144 2
510022513422003414143355 2
340000515122223441413355 2
220034510022513411443355 2
305051512124443304012325 2
401051512523334424210305 2
202051512020434334514315 2
005151222234340044113535 2
003451002251342244115353 2
002251342200345144115533 2
030555111242343440103252 2
040111555232343442123050 2
020215150202343443153451 2
000054542222545433113311 2
000055552222444411113333 2
000053532222141455113344 2
310022313122003154544455 2
310000313122223145454455 2
220031310022313155444455 2
405031312524113304052425 2
405031312524331124250405 2
202031312020131344554455 2
003131222231310044554545 2
003131002231312244555454 2
002231312200313144555544 2
040533115242313140504252 2
040511335242313142524050 2
020213130202313144554455 2
000034342222515133554411 2
000035352222414111554433 2
000033332222111155554444 2
001111222233330044445555 1
505111222434303004143525 2
404111222535030334240515 2
302111222130003354544545 2
101041422233350544032155 2
010151522233340444123055 2
110001322233320144554455 2
002211332200331144445555 1
003311002211332244445555 1
051521214243330040415352 2
041412125253330043425051 2
031222111203330045455454 2
001114242323535003445521 2
001115253232434012445530 2
001110233322231055445544 2
505311002414323204341525 2
404311002515232314240535 2
102311002310223354544545 2
303041402211352544230155 2
030351502211342444103255 2
330021302211302144554455 2
053501014241332240435152 2
043410105251332241425053 2
013200113201332245455454 2
003314042121535223445501 2
003315051212434210445532 2
003312031122031255445544 2
505211332404313104240525 2
404211332505131304240525 2
002211332200113354544545 2
202041432200351544133155 2
020251532200341444133155 2
220011332200331144554455 2
052531314240331140425052 2
042413135250331140425052 2
002233112200331145455454 2
002214342020535113445531 2
002215350202434113445531 2
002211330022331155445544 2
050511114242333340405252 1
110542113342053344005252 2
330505111142423300445252 2
420533110542113304045252 2
005541014242353240331152 2
550021514242303440113352 2
505031314242313140250452 2
051111424233330540402255 2
053311054211334240405522 2
054211334205331140402525 2
020211110202333345455454 1
040411115252333342425050 1
050514102244532333405211 2
050512154422034311405233 2
050513132424131325405204 2
110452113352043344225050 2
330404111152523322445050 2
520433110452113324245050 2
004441215252353042331150 2
440001515252323442113350 2
404031315252313142052450 2
041111525233330442420055 2
043311045211335242425500 2
045211335204331142420505 2
040414122255530333425011 2
040410155522234311425033 2
040413132525131305425024 2
110202113302023344555454 2
330202111102023355445454 2
020233110202113354545454 2
002241510202353445331154 2
220041510202353445113354 2
202031310202313145455454 2
021111020233330245454455 2
023311020211330245455544 2
020211330202331145454545 2
020214152200534333455411 2
020214150022534311455433 2
020213132020131345455454 2
000014142222535333445511 1
140022145322005343435511 2
530000141422225334345511 2
220053140022145344335511 2
501014142423335503042521 2
304014142125553323240501 2
202014142020353553143541 2
001414222253530033445151 2
005314002214532233441515 2
002214532200531433441155 2
050111444232535330405212 2
030444111252535332425010 2
020241410202535335415314 2
000013132222131355445544 1
000015152222434311445533 1
150022154322004341415533 2
430000151522224314145533 2
220043150022154344115533 2
503015152421334401042523 2
104015152325443321240503 2
202015152020343451341543 2
001515222243430011445353 2
004315002215432211443535 2
002215432200431511443355 2
050311554212434310405232 2
010455113252434312425030 2
020251510202434315435134 2
130022131322001345455544 2
130000131322221354545544 2
220013130022131344555544 2
504013132425331105042524 2
504013132425113325240504 2
202013132020313155445544 2
001313222213130055445454 2
001313002213132255444545 2
002213132200131355444455 2
050411334252131350405242 2
050433114252131352425040 2
020231310202131355445544 2
