000011112222333344445555 0
110022113322003344445555 1
220033110022113344445555 1
330000111122223344445555 1
525033110424131324042505 2
424033110525313124042505 2
220033110022331154544545 2
020243410022153544311355 2
202053510022143444311355 2
002233110022113344554455 2
221133220033110044445555 2
223333000011112244445555 2
222233330000111144445555 2
250513134042113342405250 2
240431315052113342405250 2
220011330022113345455454 2
220034140202515331445513 2
220035152020414331445513 2
220033112200113355445544 2
505011112424333304042525 1
404011112525333324240505 1
202011112020333354544545 1
000041412222353544331155 1
000051512222343444113355 1
000031312222313144554455 1
001111222233330044445555 1
003311002211332244445555 1
002211332200331144445555 1
050511114242333340405252 1
040411115252333342425050 1
020211110202333345455454 1
000014142222535333445511 1
000015152222434311445533 1
000013132222131355445544 1
535000111424232334042515 2
434000111525323224143505 2
231000111023332254544545 2
030340411122253544321055 2
303050511122243444012355 2
003330211122213044554455 2
331100221133220044445555 2
333300001111222244445555 2
332200331100221144445555 2
350510104142223343405251 2
340401015152223342415350 2
320111000132223345455454 2
330004141212525332445510 2
330005152121424301445523 2
330003122211120355445544 2
515022113424030314042535 2
225034110324510301442535 3
035051112224340344102535 3
345003115124220340412535 3
213022113021330054544545 2
414022113525303024341505 2
550102413424020514331235 3
105552213424040014213335 3
051532313424010214524035 3
511122243403035014045523 3
510322503411032414043255 3
512422033450031114045352 3
555512124444030311002233 3
545421215454030312032130 3
525311220414030315052434 3
515021144432335300042512 3
515025132344431321042500 3
515020104243132353042541 3
224035113025413032441505 3
304041112225353044231505 3
354030114125223043421505 3
440132413525313524001205 3
104452113525343324210005 3
041402013525313224514305 3
411122253530304024345510 3
413022403511302524340155 3
412522303540301124345051 3
454512124545303021301203 3
444421215555303022331100 3
424311220515303025351404 3
414022145532005033341512 3
414025102355402021341533 3
414023135253102050341542 3
223030113321210055444545 3
333021112221300044554545 3
303033112121220045454545 3
320152413021340554031245 3
102352413021340554213045 3
031202313021310254544545 3
211122213000333054545544 3
210022303011332154544455 3
212122003030331154545454 3
253512124041330051504243 3
243421215051330052534140 3
223311220011330055554444 3
213025140132435003544512 3
213025142310435021544530 3
213020131203132054544545 3
010142413322053544301255 2
420133410522013534041255 3
050101414222333540431255 3
330105410122423503441255 3
115142413324550304002235 3
413142413521305524300205 3
213142413020535014504235 3
001132013322013244554455 2
101052513322043444210355 2
014142223335050144302515 3
013542013341052244305152 3
012242353301054144305521 3
020544120342053541311253 3
040021445322053542331151 3
020314241312053542351450 3
010144443232555530301212 3
010145452323454521301203 3
010143402233152555301244 3
521033510422103424140355 3
041010515222333441420355 3
331004511022523412440355 3
005052513224440314112335 3
402052513520304424311315 3
203052513121434004514325 3
105152223334041044213505 3
103452103351042244215053 3
102252343310045144215530 3
131555121342043440200253 3
141121555332043442230050 3
121315250302043443250451 3
101054543232545430210312 3
101055552323444421210303 3
101053502233142455210344 3
321133010122003254544455 3
011100013222333245454455 3
331101010022323255444455 3
405132013524120304152435 3
405132013524302124350415 3
203132013120231044554455 3
000132223332011144554545 3
003232113301012244555454 3
002232323311010144555544 3
041503125342013240514253 3
041521305342013242534051 3
021310231302013244554455 3
001134043232515230554412 3
001135052323414221554403 3
001133002233112255554444 3
111122223333000044445555 2
515122223434000014143535 3
414122223535000034341515 3
313122223131000054544545 3
111142423333050544002255 3
111152523333040444220055 3
111102023333020244554455 3
112222333300001144445555 2
113322003311002244445555 2
151522224343000041415353 3
141422225353000043435151 3
131322221313000045455454 3
111124243333505000445522 3
111125253333404022445500 3
111120203333202055445544 3
515322003414020214341535 3
414322003515202014341535 3
113322003311220054544545 3
313142403311052544200255 3
131352503311042444200255 3
331122003311002244554455 3
153502024341002241435153 3
143420205351002241435153 3
113300223311002245455454 3
113324043131505220445502 3
113325051313404220445502 3
113322001133002255445544 3
515222333404010114240535 3
414222333505101004341525 3
013222333201110054544545 3
212142433300051544103255 3
121252533300041444230155 3
221112033300031244554455 3
152532324340001141425053 3
142423235350001140435152 3
102333222310001145455454 3
112224343030505110445532 3
112225350303404123445501 3
112221300033302155445544 3
150512124342003341405253 2
120543120042153344015253 3
000515121242433310445253 3
430500121542123304145253 3
015542024342053241301153 3
551022524342003441110353 3
505132024342013141250453 3
151212424333000541402355 3
153312054312004241405532 3
154212334305001241403525 3
120311220312003345455454 2
140421215352003342435150 2
150514113244503330405222 3
150513154423104322405203 3
150513102434202335405214 3
210453210052143344325150 3
000414212152533323445150 3
530400211452213334245150 3
014441315352053142302250 3
441011515352033442220350 3
404131015352023242153450 3
142121525333000442431055 3
143321045321005242435501 3
145221335304002142430515 3
140424223255500330435111 3
140420255523204311435103 3
140423202535101305435124 3
110303220012123344555454 3
000312221112033355445454 3
030300221212113354545454 3
013241520312053445302154 3
231041520312053445120354 3
302131020312023145455454 3
122211120333000345454455 3
123311030322001245455544 3
121211330303002245454545 3
120314253201504330455421 3
120314251023504312455403 3
120313202130201345455454 3
110024143232505330445512 2
240032145032115343405512 3
500011142432325304345512 3
320050141132245344035512 3
511024143433035510042522 3
314024143135553020241502 3
212024143031350550143542 3
111424323253500030445251 3
115324003214503230441525 3
113224533200501430442155 3
150212444202505331405313 3
100444212252505333435110 3
130341420212505335425014 3
110023102233102355445544 2
110025152323404321445503 2
250023154023114342415503 3
400011152523234314245503 3
230040151123254344125503 3
510025152422034411043533 3
214025152025443031341503 3
313025152021340451042543 3
111525232343400021445350 3
114325002315402321440535 3
112325432300401521443055 3
150312554313404321405202 3
110455213353404322425100 3
120251520313404325435104 3
230022101033112345455544 3
100011102333222354545544 3
220010101133232344555544 3
514023102435031215043524 3
514023102435213035241504 3
312023102031320155445544 3
111023332223100055445454 3
112323002210103355444545 3
113323232200101055444455 3
150412034253102351405342 3
150430214253102353425140 3
130201320213102355445544 3
005014112324532303442515 3
235053110024142344302515 3
145023115324002340432515 3
550300411424222534331015 3
305550211424242034013315 3
053530311424212034524015 3
531100241423235034045521 3
532300501411232434041255 3
532400231450231134045152 3
555510104444232333002211 3
545401015454232332012310 3
525111000434232335052414 3
535003144412135322042510 3
535005112144433301042522 3
535002124241130351042543 3
004015113225433212443505 3
324043110025153244213505 3
154032114325003241423505 3
440310411525333524221005 3
304450311525343124012205 3
043420211525313024534105 3
431100251532324024145530 3
433200401511322524140355 3
432500321540321124145053 3
454510104545323223103201 3
444401015555323222113300 3
424111000535323225153404 3
434002145512025233143510 3
434005102155422201143533 3
434003135251120250143542 3
001010113323232255444545 3
331023110023102244554545 3
101033112323002245454545 3
120350411023342554231045 3
302150411023342554013245 3
013220311023312054544545 3
231100231022331054545544 3
232200101011332354544455 3
232300221010331154545454 3
251510104043332253504241 3
241401015053332252514340 3
221111000033332255554444 3
231005140312435223544510 3
231005142130435201544532 3
231002133201130254544545 3
400311412522033534241055 3
250303414022113542431055 3
110325410322403523441055 3
135340411324552304022015 3
433340411521325524120005 3
231340411020535214524035 3
034140221135250344320515 3
033540031141252244325150 3
032240351103254144325501 3
000544102142253543331251 3
040201445102253542311353 3
020114043132253540351452 3
030344441212555532321010 3
030345452121454501321023 3
030343422211150555321044 3
503011512422303404142355 3
243030515022113441402355 3
113024513022503410442355 3
205050511024442334312315 3
400050511522324424113335 3
201050511323434224514305 3
305150221134243044013525 3
303450301151242244015253 3
302250341130245144015532 3
333555101142243440002251 3
343101555132243442012050 3
323115050102243443052451 3
303054541212545432012310 3
303055552121444401012323 3
303053522211140455012344 3
303311212122003054544455 3
213300213022113045454455 3
113321210022303055444455 3
405330211524102304352415 3
405330211524320124150435 3
201330211320031244554455 3
002130221130213344554545 3
003030331121212244555454 3
002230301133212144555544 3
043523105142213040534251 3
043501325142213042514053 3
023112033102213044554455 3
003334241212515032554410 3
003335252121414001554423 3
003333222211110055554444 3
535100221434202034143515 3
434100221535020234143515 3
331100221133002254544545 3
131340421133250544022055 3
313150521133240444022055 3
113300221133220044554455 3
351520204143220043415351 3
341402025153220043415351 3
331122001133220045455454 3
331104241313525002445520 3
331105253131424002445520 3
331100223311220055445544 3
535300001414222234341515 3
434300001515222214143535 3
131300001313222254544545 3
333340401111252544220055 3
333350501111242444002255 3
333320201111202044554455 3
353500004141222243435151 3
343400005151222241415353 3
313100003131222245455454 3
333304041111525222445500 3
333305051111424200445522 3
333302021111020255445544 3
535200331404212134240515 3
434200331505121204143525 3
031200331203112254544545 3
232340431100251544123055 3
323250531100241444032155 3
223310231100231044554455 3
352530304140221143425051 3
342403035150221140415352 3
302133002130221145455454 3
332204341010525112445530 3
332205350101424103445521 3
332201320011320155445544 3
100541102242353344035251 3
220535101042413330445251 3
410522103542103304345251 3
035540004142253243321151 3
553020504142203443112351 3
505330204142213143250451 3
351010424133220543402155 3
353310054110224243405512 3
354210334105221043401525 3
350514131244521332405200 3
350511154421324300405223 3
350513122414020315405234 3
010451012252343344125350 3
220434010152513321445350 3
510422013452013314245350 3
034441115152253342320050 3
443031515152213442002350 3
404331215152203042351450 3
340101525133220442413055 3
343301045101225242415503 3
345201335104220142410535 3
340404021255520332415311 3
340400055521224311415323 3
340403022515121305415324 3
110101002232323344555454 3
220132001132013355445454 3
010122003232113354545454 3
031241500132253445320154 3
213041500132253445102354 3
102331200132203145455454 3
320011320133220145454455 3
323311010100223245455544 3
323211330101220045454545 3
320114051203524332455401 3
320114053021524310455423 3
320113022310021345455454 3
040012145212335343425510 3
520033140412125324345510 3
120052143312045344235510 3
531004141413235532042520 3
334004141115553222243500 3
232004141013352552143540 3
331404121253520032445051 3
335304001214521232441505 3
331204531200521432440155 3
350010444222525333405111 3
320444010252525331415310 3
310141400232525335405214 3
050021154221334340415523 3
420033150521214314045523 3
210042153321054344105523 3
532005152420234431041513 3
034005152225443211143503 3
131005152023342451240543 3
331505212143420001445352 3
334305002115422101442535 3
332105432100421501443255 3
350310554111424303405222 3
310455013151424302425320 3
320251500131424305435124 3
030022121211330345455544 3
120033120311220354545544 3
220012123311030344555544 3
534003122415231035041524 3
534003122415013215243504 3
132003122013302155445544 3
331203112203120055445454 3
330303002212121155444545 3
331103032200121255444455 3
350410234251120353405142 3
350432014251120351425340 3
310221300231120355445544 3
335004111324521302442505 3
135052113324041344202505 3
045013115224331340422505 3
550203410424121524331305 3
205553210424141024313305 3
052533310424111324524005 3
521133240413135024045520 3
521333500411132424040255 3
522433130450131124045052 3
555513134444131322002200 3
545431315454131322002200 3
525011330424131325052404 3
525032144402035311042513 3
525035102044432331042511 3
525031114240133350042542 3
334005113125423102442505 3
314042113325053144202505 3
054031114225333140422505 3
440203410525323524111305 3
204453210525343024311105 3
042413110525313324524005 3
421133250531314024045520 3
423133400511312524040255 3
422533310540311124045052 3
454513134545313122002200 3
444431315555313122002200 3
424011330525313125052404 3
424032145502015133042513 3
424035102055412131042533 3
424033135250113150042542 3
330000113322221155444545 3
330022113322001144554545 3
000033112222331145454545 3
020253410022341554131345 3
202053410022341554313145 3
002213310022311354544545 3
221133220011330054545544 3
221133000011332254544455 3
222233110000331154545454 3
250513134042331152504240 3
240431315052331152504240 3
220011330022331155554444 3
220035140202435113544513 3
220035142020435131544531 3
220031132200133154544545 3
430200411522023534141355 3
150202414322003541431355 3
000215410222433513441355 3
125243410324551304012305 3
423243410521315524010305 3
220243410020535114514335 3
024143220035150244313515 3
023543020041152244315153 3
022243350002154144315531 3
030544131042153542321250 3
040131445032153542301252 3
020014342022153543351451 3
020244440202555531311313 3
020245452020454531311313 3
020243412200153555311344 3
532000511422203434141355 3
142020515322003441431355 3
002014512022533413441355 3
105053510324441324212305 3
403053510521314424012325 3
200053510222434114514335 3
205153220034142044313515 3
203453200051142244315153 3
202253340020145144315531 3
232555131042143440301250 3
242131555032143442301050 3
222015350002143443351451 3
202054540202545431311313 3
202055552020444431311313 3
202053512200143455311344 3
332200111122003354544455 3
112200113322003345454455 3
002211110022333355444455 3
405233110524131304252405 3
405233110524313124050425 3
200233110220331144554455 3
001133220033112244554545 3
003333220011112244555454 3
002233330022111144555544 3
042513135042113340524250 3
042531315042113342504052 3
022011332002113344554455 3
002234140202515331554413 3
002235152020414331554413 3
002233112200113355554444 3
525133220434101024143505 3
424133220535010134042515 3
320133220132001154544545 3
121243420033150544012355 3
212153520033140444321055 3
112203120033120344554455 3
251523234043110042415350 3
241432325053110043405251 3
231022331023110045455454 3
221134240303515001445523 3
221135253030414032445510 3
221130213300213055445544 3
525333000414121224341505 3
424333000515212114042535 3
120333000312221154544545 3
323243400011152544210355 3
232353500011142444301255 3
332223100011102344554455 3
253503034041112242435150 3
243430305051112241405253 3
213000333021112245455454 3
223334040101515221445503 3
223335051010414230445512 3
223332011100013255445544 3
525233330404111124240505 3
424233330505111104042525 3
020233330202111154544545 3
222243430000151544113355 3
222253530000141444331155 3
222213130000131344554455 3
252533334040111142425050 3
242433335050111140405252 3
202033332020111145455454 3
222234340000515111445533 3
222235350000414133445511 3
222231310000313155445544 3
130540131142253344025250 3
110525131342403320445250 3
400511132542133304245250 3
025543034042153242311150 3
552023534042103442111350 3
505233134042113142250450 3
251313424033110542402055 3
253313054013114242405502 3
254213334005111342400525 3
250514120244510331405233 3
250510154420214333405213 3
250513112404313305405224 3
310450311152243344025250 3
110424313152503320445250 3
500411312452313304245250 3
024441015052153242313350 3
442021515052103442331350 3
404231115052133342250450 3
243131525033110442402055 3
243331045031115242405502 3
245231335004113142400525 3
240434320255510331405211 3
240430355520214311405213 3
240433312505111305405224 3
110000331122223344555454 3
110022331122003355445454 3
000011332222113354545454 3
020241530022153445313154 3
202041530022153445131354 3
002231130022133145455454 3
223311220033110045454455 3
223311000033112245455544 3
222211330000113345454545 3
220014350202514331455431 3
220014352020514313455413 3
220013312200311345455454 3
340002145102225343415513 3
510022143402025314345513 3
020051142202345344135513 3
521034140403135521042523 3
324034140105553121242503 3
222034140002351551143543 3
221434020253510031445351 3
225334000214510231441535 3
220234530200511431443155 3
250313444212515332405010 3
210444313252515330405210 3
200041430222515335435114 3
350020154120224343415513 3
410022153520204314345513 3
200041152220354344135513 3
521035152423134421040503 3
324035152125443101042503 3
020035152022341451143543 3
221535202043410031445351 3
224335002015412031441535 3
222035432000411531443155 3
250313554010414332405212 3
210455313050414332425210 3
220251530020414335435114 3
330022111100223345455544 3
110022113300223354545544 3
220011112200333344555544 3
524033112405131325040524 3
524033112405313105242504 3
022033112002331155445544 3
221133002233110055445454 3
223333002211110055444545 3
220033332200111155444455 3
250413134250113352405042 3
250431314250113350425240 3
200211330220113355445544 3
115024113324503300442525 2
245033115024113340402525 2
335050111124243344002525 2
212024113420035310544535 3
014024113222353040341555 3
413024113521330520240545 3
510144413324523500301225 3
101554213324543400210325 3
051134013324513200524425 3
113324503311502400442255 3
112424333350501100445252 3
155512144304503301402223 3
105441215354503302432120 3
125311420314503305452024 3
115020103432205335442514 3
115025122343000341442553 3
115023154233104352442500 3
232050111024432334504515 3
430050111222323444103555 3
431050111523334224204505 3
530300011124223544341525 3
303550211124203044514325 3
053330411124213544520025 3
331150241133245044005522 3
332450331150241144005252 3
355515100144243343002221 3
345001515154243342012320 3
325111050134243345052420 3
335054141412245332002510 3
335055122141444301002523 3
335053124211140352002544 3
242033115424131320504505 3
444033115222313140002555 3
440033115522331120204545 3
520443015024123540311325 3
402553215024103440311325 3
054233115024113340520425 3
241133245033115040405522 3
243333505011112440402255 3
255513130004113344402225 3
205031315054113342452420 3
225511330044113345452020 3
245034100452215331402513 3
245035122540014331402513 3
245033114205113352402504 3
112020113320203355444545 2
332020111120203344554545 2
202033112020113345454545 2
220051412020343554331145 2
002251412020343554113345 2
020231312020313154544545 2
201111202033332054545544 2
203311202011332054544455 2
202011332020331154545454 2
252511114040333350504242 2
242411115050333352524040 2
222211110000333355554444 2
202015140022435333544511 2
202015142200435311544533 2
202013130202131354544545 2
114025113325403322440505 2
334040111125253344220505 2
254033114025113342420505 2
440021412525303524331105 2
004451012525343224113305 2
040431312525313124504205 2
401111252533334024245500 2
403311402511332524240055 2
402511332540331124245050 2
454511114545333320200202 2
444411115555333322220000 2
424211110505333325250404 2
404012145522035333240511 2
404015102255432311240533 2
404013135252131350240542 2
550001412424323504331125 2
010024413224553530341125 3
320055410124243543031125 3
240032415524013533401125 3
152001412320253354034145 3
053001412221335244435105 3
454001412025532314230135 3
050531312424313104524025 2
005551212424343004113325 2
554101242435320004331512 3
553501002441322404332151 3
552401352400324104335211 3
510540113444323505301222 3
540311045414323502321520 3
520214100454323501351423 3
550000444422225533331111 3
550005422244420511331133 3
550003434242121552331140 3
515524213424003010143325 3
345500215124243041013325 3
245534210024513011403325 3
302551212120403304514345 3
001551212223330444410355 3
404551212520034334210315 3
002151242430345504113532 3
003051552421342404112353 3
002451302455342104115233 3
035525111444343000153222 3
045111525434343002123025 3
025212155404343003153421 3
005550244422245033113311 3
005555222244440011113333 3
005553234242141052113340 3
310524313124053150244025 3
310505313124243142054025 3
240531310524313125404025 3
452531312520113304024045 3
055531312224331144420005 3
454531312020131344220055 3
053131242431310504520542 3
053131052431312404522450 3
052431312405313104525204 3
000533112444313105554222 3
040211335404313102524525 3
020213135454313100554422 3
050530344422215133524011 3
050535322244410111524033 3
050533334242111152524040 3
501111242433335004045522 2
502111242030303554143542 3
000111242235530334445512 3
304111242135053354240502 3
151001442433355504032122 3
015151542433345004123022 3
110501342433325104554022 3
502411332450331104045252 2
503311502411332404042255 2
551221414443335000015322 3
541414122453335003025021 3
531242111403335005025424 3
501110244323232053045541 3
501112223234430014045535 3
501115233342431022045540 3
205311502010343254341245 3
000311502512234314445235 3
104311502315423324540205 3
353001402411322204435155 3
035321202411342004153455 3
330541302411352104224055 3
523551014441332400032152 3
543410155421332401022053 3
513205113401332402052454 3
503310544121535423042201 3
503315551214430410042232 3
503312531142031455042240 3
505411332050313154240242 3
000411332555131304445222 3
004411332255113354540202 3
254001432450351204133152 3
045221532450341004133152 3
420511332450331104254052 3
522231314440331100045552 3
542413132420331105025054 3
552233114400331102025454 3
502410344025532113045231 3
502412355204430113045231 3
502411330542331125045240 3
555511114444333300002222 2
115544113344553300002222 3
335555111144443300002222 3
445533115544113300002222 3
555501014444323200331122 3
555521214444303000113322 3
555531314444313100220022 3
551111444433335500002222 3
553311554411334400002222 3
554411334455331100002222 3
525211110404333305052424 2
545411115454333302022020 2
115454113354543300222020 3
335454111154543322002020 3
545433115454113320202020 3
554401215454323002331120 3
445501215454323002113320 3
454531315454313102022020 3
541111545433335402020022 3
543311545411335402022200 3
545411335454331102020202 3
545410124455230333022011 3
545410125544230311022033 3
545413134545131302022020 3
115204113304523300552424 3
335252111104043355002424 3
045233115204113350502424 3
552201510404323405331124 3
225541210404353005113324 3
252531310404313105425024 3
521111040433335205054422 3
523311520411330405052244 3
520411330452331105054242 3
525210154400234333052411 3
525214120044530311052433 3
525213134040131342052450 3
505010144422235333042511 2
105044142322505303432511 3
235050141022445334302511 3
445023145022105340332511 3
201010144023332553542541 3
300010144122523323445551 3
204010144525353223143501 3
501410224453235033045121 3
505310504414232233041215 3
502210534450231433041152 3
555111404432235330002214 3
535404111452235332042010 3
525441010402235335012314 3
505013134242131352042540 2
505015122244430311042533 2
155022124344500301412533 3
435050121544220314102533 3
225043125044150340112533 3
203015122041334051544523 3
100015122342043341245553 3
402015122545303421341503 3
501215442203435011045323 3
500315502212434411043235 3
504415032250431211043352 3
555311254214430310002432 3
515452113254430314022030 3
545221510204430315032134 3
135042131342501305422540 3
135050131342421324502540 3
425013135042131340252540 3
204013134045331152542520 3
500013134442113322245550 3
202013134545313122445500 3
501313424213135052045024 3
501313504213134252044205 3
504213134250131352040452 3
555011334222131350002444 3
525433110252131354042040 3
545431310202131355002244 3
010025113422034312445535 3
214025113020343052341545 3
513025113421330402042545 3
410145413325403522301205 3
101455013325443422210305 3
041135013325413222504405 3
113325403311402522440055 3
112525333340401122445050 3
154512154325403321400203 3
124451215355403322430100 3
124311520315403325450204 3
114022123532005334440515 3
114025102353202351440543 3
114023145233105350440522 3
030040111224532334425515 3
432040111020323554123545 3
531040111423335204024525 3
430320211125203544351405 3
303450011125223244415305 3
043330511125213444502205 3
331140251133254044225500 3
332540331140251144225050 3
354514102145253343200201 3
344201415155253342210300 3
324111040135253345250402 3
334044141512055332220510 3
334045102151454301220523 3
334043125211150350220544 3
050033114424131322425505 3
454033114020313152022545 3
550033114422331102024545 3
420543214025103542311305 3
502453014025123442311305 3
045233114025113342502405 3
251133254033114042425500 3
253333404011112542420055 3
254513132025113345400204 3
224231315055113342440500 3
224411330055113345450202 3
254034120542015331420513 3
254035102450214331420513 3
254033115204113350420524 3
210025413025443532341105 3
300044412125253543231105 3
250030414425213533421105 3
140021412322053344035155 3
243021412021335054534105 3
545021412024530314032135 3
444121252535300024331510 3
443521002541302524330151 3
442521352500304124335011 3
410542113545303524301202 3
440311245515303522321400 3
420214120545303521351403 3
440022445522005533331111 3
440025402255402511331133 3
440023435252101550331142 3
514425013425003212143305 3
344400015125253241213305 3
254434010025513211423305 3
300451012122423304415355 3
201451012023332454510345 3
505451012420234334012315 3
000151252532344424113530 3
003251442501342524110353 3
002551322544340124115033 3
034505111545343220143202 3
044111505535343222123004 3
024210154505343223153401 3
004452045522045233113311 3
004455002255442211113333 3
004453035252141250113342 3
310425313125043152044205 3
310404313125253140254205 3
250431310425313105424205 3
440431312522113304005255 3
245431312024331154500205 3
545431312020131344002255 3
043131252531310424502540 3
043131042531312524500452 3
042531312504313124505024 3
020533110545313124544202 3
040011335525313122524404 3
020213134545313122554400 3
040432345522015133504211 3
040435302255412111504233 3
040433335252111150504242 3
500111252232303444143550 3
202111252035430334544510 3
305111252134043354042520 3
141021452533354524032100 3
014151552533344224123000 3
110401352533324124554200 3
451021514543334020215302 3
441415120553334023225001 3
431252111503334025205404 3
401112245323030043245551 3
401110203235432015245534 3
401114233352531000245542 3
005311402212353244341055 3
202311402510235314544035 3
105311402314523304542025 3
343021402511302024534155 3
034301002511342224143555 3
330451302511342124004255 3
403541014541332520230152 3
443410145501332521220053 3
413204113501332520250454 3
403312445121535523240001 3
403315451215432510240032 3
403312431152031555240042 3
505511332242313144240050 3
202511332545131304544020 3
005511332244113354542020 3
245021432540351024133150 3
054201532540341224133150 3
520411332540331124054250 3
402031314540331120255452 3
442413130500331124225055 3
442233115500331120205454 3
402512345024530113245031 3
402510354205432113245031 3
402511330452331105245042 3
114545113345453322000202 3
334545111145453300220202 3
454533114545113302020202 3
445521014545303220331102 3
554421014545303220113302 3
545431314545313120200202 3
451111454533334520202200 3
453311454511334520200022 3
454511334545331120202020 3
454512105544032333200211 3
454512104455032311200233 3
454513135454131320200202 3
114455113355443322220000 3
334444111155553322220000 3
554433114455113322220000 3
441111555533334422220000 3
443311445511335522220000 3
445511335544331122220000 3
444412125555030333220011 3
444410105555232311220033 3
444413135555131300220022 3
114205113305423322550404 3
334242111105053355220404 3
054233114205113352520404 3
442221510505303425331104 3
224441010505353225113304 3
242431310505313125405204 3
421111050533334225254400 3
423311420511330525250044 3
420511330542331125254040 3
424212155500034333250411 3
424214100055532311250433 3
424213135050131340250452 3
124055140322405323430511 3
034040141222555334320511 3
554003144022125342330511 3
001012145223330543442551 3
302012145120503323544541 3
205012145424353003143521 3
401412225553034033245101 3
405312405514032233241015 3
402212535540031433241150 3
454111424532035330200215 3
434424111552035332250010 3
424541210502035335210314 3
154022104355402321410533 3
434040101555222314120533 3
224043104055152342110533 3
003015102251334241445523 3
102015102350243351244543 3
502015102454323401341523 3
401015552223434011245303 3
402315402210435511243035 3
405515232240431011243350 3
454311054215432310200532 3
414450113255432315220030 3
454201510205432315230134 3
134052131352401325400542 3
134040131352521304520542 3
524013134052131342050542 3
004013135255331140442522 3
502013135450113320244542 3
202013135454313100445522 3
401313525213134050245204 3
401313405213135250244025 3
405213135240131350242450 3
454211334202131350200545 3
404433112252131355250040 3
454531310202131355220044 3
414020113425032315240535 3
514020113424323005341525 3
013020113221330245445545 3
210140413320243555301245 3
101250413320243455210345 3
021130013320213255544445 3
113320203311202055444455 3
112020333320201155445454 3
152512104350203351404243 3
152401215350203352434140 3
122311020310203355454544 3
112025153032405332444510 3
112025142303505301444523 3
112023120233100354444555 3
434020111524032334250515 3
435020111424323004153525 3
031020111223330244454555 3
230350511120243544301245 3
303250411120253544210345 3
023330011120213244545545 3
331120201133202044555544 3
332020331120201144555454 3
352512105140203343504241 3
342501215150203342514340 3
322111020130203345554445 3
332024141012405332554510 3
332025142101404301554523 3
332023120211100354554544 3
404033112424131325250505 3
404033112424313105052525 3
220043512020143545311345 3
002253412020153445311345 3
020233112020113345545445 3
201133202033112045455544 3
203333202011112045454455 3
252513135050113340404242 3
252531315050113342424040 3
202034150022415331454513 3
202035142200514331454513 3
202033110202113354454554 3
510020413420223535341145 3
340022415120203543531145 3
200034412220513533451145 3
124051412325453324030105 3
523051412421335404032105 3
020051412022534314435135 3
224151202035340054331514 3
223551002041342054334151 3
222051352000344154335411 3
210545113040343552301242 3
240311545010343552321240 3
220214150020343551351443 3
220055440022445533331111 3
220055442200445511331133 3
220053430202141554331145 3
512220413420003515143345 3
342200415120203541513345 3
202234410020513511453345 3
304251412125453304210305 3
501251412423335404010325 3
000251412220534334415315 3
004151202035342254113534 3
003551222041342054114353 3
002051352022344154115433 3
032545111040343550123242 3
042111545030343552123042 3
022214152000343553153441 3
002255440022445533113311 3
002255442200445511113333 3
002253430202141554113345 3
310220313120023155444545 3
310202313120203144554545 3
200231310220313145454545 3
424231312525113304040505 3
525231312424331104040505 3
020231312020131344445555 3
023131202031310254545544 3
023131022031312054544455 3
022031312002313154545454 3
050533114040313152524242 3
040411335050313152524242 3
020213132020313155554444 3
020235340022415133544511 3
020235342200415111544533 3
504111202535303224143504 3
505111202435230334042514 3
300111202132023354445554 3
121051402033352554032144 3
012151502033342554123044 3
110201302033322154554544 3
251421014043332050515342 3
241410124053332053525041 3
231202111003332055545444 3
201115240323434023545501 3
201114243230435010545532 3
201112233302031044545545 3
405311202515303224341405 3
505311202514230314042435 3
100311202312023344545455 3
323051402011342454032155 3
032341402011342554123055 3
330201302011322154444555 3
243521014041332050534152 3
243410125041332051524053 3
213202113001332054554454 3
203315240121535023544401 3
203315251210435010544432 3
203312231102031055544445 3
505011332525313124240404 3
505011332525131304042424 3
220051432020351454133154 3
002241532020341554133154 3
020211332020331154454554 3
242431314040331150505252 3
242413134040331152525050 3
202015340022534113545431 3
202014352200435113545431 3
202011330202331145545445 3
112540113340253355004242 3
332525111140403300554242 3
402533112540113305054242 3
225551014040343250331142 3
552221414040303550113342 3
525231314040313150240542 3
251111404033332550502244 3
253311254011334050504422 3
254011334025331150502424 3
252515100044432333504211 3
252512144400035311504233 3
252513130404131324504205 3
112450113350243355224040 3
332424111150503322554040 3
502433112450113325254040 3
224451215050343052331140 3
442201415050323552113340 3
424231315050313152042540 3
241111505033332452520044 3
243311245011335052524400 3
245011335024331152520404 3
242415120055430333524011 3
242410145500235311524033 3
242413130505131304524025 3
112200113300223355554444 3
332222111100003355554444 3
222251510000343455331144 3
222241410000353555113344 3
222215150000434333554411 3
222214140000535311554433 3
152000144322205353434511 3
432020141522005334354511 3
002043142022155345334511 3
401015140523334523242501 3
305015140124543323042521 3
200015140222353443143551 3
201415220053432033545141 3
205315200014432233541415 3
202215530020431433541154 3
252111454032435330504210 3
232454111052435332504010 3
222041510002435335514314 3
152022144300205351414533 3
432020141500225314154533 3
222043142000155345114533 3
403015142501334521240523 3
105015142304543301242523 3
002015142202353441341553 3
201415002253432011545343 3
205315202214430011543435 3
200015532220431411543354 3
252311454210435310504032 3
212454113250435310524030 3
202241510200435315534134 3
132002131302201355444545 3
132020131302021344554545 3
022013132002131345454545 3
404013130505331124242525 3
505013130404113324242525 3
202013130202313144445555 3
201313020213132054545544 3
201313200213130254544455 3
200213130220131354545454 3
252511334242131350504040 3
242433115252131350504040 3
202031310202131355554444 3
410022413522003534341155 2
220035410022413533441155 2
350000414122223543431155 2
115022413323050344042155 3
313022413521305024544105 3
215022413024530014543135 3
040132413522013134504255 3
104012113522043334240555 3
001452013522043234114355 3
413522003541002234345151 3
412222353500004134345511 3
410542124542003531301253 3
440421245512003532331150 3
420314220512003531351454 3
410023445232505530341112 3
410025452325403521341103 3
410023402253102555341143 3
155000414424252333032115 3
454000414521325223133105 3
251000414023532213534145 3
030540314122213143524055 3
503010114122233443042555 3
005350214122243043113455 3
354100224135220043431515 3
352200354100224143435511 3
310540103132223545401254 3
330301045112223542441550 3
320414000152223541451353 3
350004431242525532431110 3
350005452421324501431123 3
350003422214120555431134 3
125035410423154323042105 3
324035410521345123042105 3
220035410022531413543145 3
020245410022413133514355 3
202015110022443433341555 3
002255110022443333114455 3
224135220035410033441515 3
223535000041412233445151 3
210543154032413532401250 3
230451345012413532401250 3
220014530022413531451354 3
220033430202515534441115 3
220035452020313551441143 3
220033442200115555441133 3
105041412324553304032125 2
415023415524103300342125 3
555010414124233343002125 3
235055411024413330402125 3
202041412020535314534135 2
403041412521335524230105 2
510001312324523104354425 3
001511212324533004445325 3
050131512324543404123025 3
104141242333555004031522 3
103341502341552404032251 3
102441332350554104035212 3
145311445314553302022020 3
125214140304553301052423 3
105040443422255335032111 3
105045422243450311032153 3
105043454232151352032140 3
413025413321405522340105 3
333040414121255543220105 3
253033414021415532420105 3
340021312521305124534405 3
004311012521335224443505 3
030451312521345424103205 3
404141212555333024231500 3
405541302541332124230051 3
402141552530334124235010 3
413544113541335520200202 3
423214140501335521250403 3
403042445122035553230111 3
403045402215432511230135 3
403045431252131550230142 3
412020415320205351344135 3
532020414120205343154135 3
202053412020415335414135 3
220051312020545114334435 3
002211412020535514443335 3
020231312020545414143535 3
204141202053532014531543 3
205341202041532014533451 3
202041532020534114535314 3
212544113040535310504232 3
242311445010535312524030 3
202041440022335355534111 3
202045432200431311534155 3
202045450202131353534141 3
310022313122003154544455 2
310000313122223145454455 2
220031310022313155444455 2
405031312524113304052425 2
405031312524331124250405 2
202031312020131344554455 2
003131222231310044554545 2
003131002231312244555454 2
002231312200313144555544 2
040533115242313140504252 2
040511335242313142524050 2
020213130202313144554455 2
000034342222515133554411 2
000035352222414111554433 2
000033332222111155554444 2
510022513422003414143355 2
340000515122223441413355 2
220034510022513411443355 2
305051512124443304012325 2
401051512523334424210305 2
202051512020434334514315 2
005151222234340044113535 2
003451002251342244115353 2
002251342200345144115533 2
030555111242343440103252 2
040111555232343442123050 2
020215150202343443153451 2
000054542222545433113311 2
000055552222444411113333 2
000053532222141455113344 2
004141222235350044331515 2
101141222334503004435525 3
403141222131030554230545 3
502141222430005314134535 3
401031322235310544052415 3
010451122235330344425015 3
140001522235320444513315 3
002241352200354144335511 2
003541002241352244335151 2
054524213245350040311312 3
044312425255350043321011 3
034222141205350045351413 3
004144242523155003331521 3
004145213252454012331530 3
004140235322251051331544 3
505541002344523204331121 3
403541002545232514230131 3
102541002340225354534131 3
305031302241352144250451 3
050311502241332344405251 3
530021502241302444153351 3
013104013241352240355452 3
043310401211352244325055 3
043200145201352241315453 3
003544042124551223335101 3
003541054212454210335132 3
003542031422051215335144 3
501241352304513404230521 3
403241352105431504230521 3
002241352200145354134531 3
202031352200354544153411 3
020251552200334344435111 3
220011552200334444553311 3
052134513240354140325012 3
042315431250354140325012 3
002253142200354145315413 3
002244342020151143335551 3
002241310202454115335534 3
002244330022551111335544 3
010544113242353540301252 2
440532113542013534001252 3
350501114442323500431252 3
320535110142443503041252 3
005134013242313240551452 3
150024113242303340415552 3
501054513242313440210352 3
011144423235350540302215 3
013544053211354240305122 3
014244353205351140302521 3
020214140202353541351453 2
040311445212353542321050 2
010544102234552533301214 3
010542154322054541301233 3
010543132423154525301204 3
110352443512043534221050 3
350304441112523522431050 3
520335440412113523241050 3
003431245212313042554150 3
430001145212323342145550 3
304051545212343142012350 3
044411125235350342320015 3
043511035244351242325100 3
041211355203354442320501 3
040314422251550533321041 3
040310451522254514321033 3
040313432125451505321024 3
140202143502023534511453 3
350202141402023515431453 3
020235140202143553141453 3
002234540202313441551153 3
220044140202353341115553 3
202054540202313141415353 3
021414020235350241354315 3
023514020214350241355134 3
020214350202351441353541 3
020214112200553533351444 3
020213150022154544351433 3
020213132020454535351414 3
000044442222555533331111 2
101044442323555503032121 3
303044442121555523230101 3
202044442020555513133131 3
004444222255550033331111 3
005544002244552233331111 3
002244552200554433331111 3
000043432222151555331144 2
000045452222454511331133 2
450022454522004531311133 3
450000454522224513131133 3
220045450022454533111133 3
103045452321554401032123 3
103045452321445521230103 3
202045452020545411331133 3
004545222245450011331313 3
004545002245452211333131 3
002245452200454511333311 3
010344553212454510301232 3
010355443212454512321030 3
020254540202454511331133 3
430022431522001535351144 3
150000434322221553531144 3
220015430022431533551144 3
104043432325551105032124 3
503043432421115525230104 3
202043432020515115435134 3
004343222215150055331414 3
001543002243152255334141 3
002243152200154355334411 3
010444333252151550301242 3
050333444212151552321040 3
020234340202151551341543 3
315022513121040354042345 3
111022513523304024445305 3
214022513025430034541315 3
050112413422033314405255 3
105032313422043114250455 3
001542013422053214334155 3
513422003451002214145353 3
512222343400005114145533 3
530552124442003411103253 3
540421255432003412133150 3
520315220412003413153454 3
510021544232505430143312 3
510025552324401421143303 3
510023502243102455143341 3
345000515424242331012315 3
444000515523324221113305 3
241000515023432231514345 3
030440115122233341425055 3
403030315122213441052455 3
004340215122253041331455 3
345100225134220041413535 3
342200345100225141415533 3
330550101112223444403255 3
310101055132223442453450 3
320515000142223443453151 3
340004511252525432413310 3
340005552521124401413323 3
340003522215120455413314 3
325034510421145321042305 3
124034510523354121042305 3
220034510022431531541345 3
020244410022533311415355 3
202034310022543411351455 3
002244110022553311334455 3
225134220034510011443535 3
223434000051512211445353 3
230553144012513412403250 3
210441355032513412403250 3
220015430022513413453154 3
220031510202515435443314 3
220035552020111441443353 3
220033552200114455443311 3
515021514424303300142325 3
445030515124213341002325 3
215044513024513310402325 3
530001112124423304345525 3
003531212124413004554325 3
050331412124453504321025 3
305151242133445004013522 3
303351502151442404012253 3
302451332150445104015232 3
345111555134443302022020 3
325215150104443303052421 3
305050541422245334012311 3
305055522241440311012343 3
305053544212141352012340 3
511025513323404422140305 3
331040515123254441220305 3
251033514023514412420305 3
140021112523304324435505 3
004131012523314224553405 3
010441312523354524301205 3
405151232544331024213500 3
404451102551332324210053 3
402351442510335124215030 3
431555111543334420200202 3
421215150503334423250401 3
401052545322035443210311 3
401055502235432411210334 3
401054533252131450210342 3
512020514320204353144315 3
432020515120204341354315 3
202043512020514315434315 3
220051112020444334335515 3
002231412020414534553315 3
020231312020454534341515 3
205151202043432034513541 3
204351202051432034511453 3
202051432020435134515134 3
232555111040434330504212 3
242111555030434332524010 3
202053540022135344514311 3
202055512200433311514344 3
202054540202131351514343 3
303151222134403004514525 3
401151222333030444210555 3
402151222530004334314515 3
501011122234330544042535 3
010551322234310144524035 3
150001422234320544531135 3
055525211244340040113332 3
045112525254340043123031 3
035222151204340045153431 3
005154242423345003113521 3
005155233242444012113530 3
005150234322241053113544 3
505451002154423204311323 3
401451002555232414210333 3
102451002350224354514313 3
304011102251352344240553 3
040331502251312144504253 3
430021402251302544351153 3
033305011241342240145552 3
043110503231342245125054 3
053200154201342243135451 3
003454042125543223115301 3
003453055212444210115332 3
003452031522041235115344 3
503251342104413504210523 3
401251342305531404210523 3
002251342200154354314513 3
202011142200355544143533 3
020251542200315144534133 3
220011442200335544551133 3
052335411240345140125032 3
042114533250345140125032 3
002243152200345145135431 3
002254342020343153115541 3
002253330202444114115535 3
002255330022441133115544 3
550512113442033414003252 3
340503115542123400413252 3
120534110342553401043252 3
005315011242333240441552 3
350025311242303140514452 3
503045411242313540230152 3
031155421234340540102235 3
033455051211344240105322 3
034255341205341140102523 3
030554102214542433103215 3
030552154122044451103233 3
030553132421145425103204 3
110152553432043414223050 3
340104551132523422413050 3
520134550432113421243050 3
001411255232333042445150 3
410001355232323142154450 3
104041455232353142032150 3
045511325234340142120035 3
043411015255343242125300 3
043211345201345542120503 3
040114522253540433123051 3
040110553522244415123033 3
040113532325541405123024 3
150202153402023414533451 3
340202151502023435413451 3
020234150202153451343451 3
002215550202333443441151 3
220045350202353143114451 3
202045450202313143435151 3
021515020234340243154135 3
023415020215340243155314 3
020215340202341543151543 3
020214132200541433153455 3
020211150022344455153433 3
020213132020545415153434 3
540022545422005413133311 3
540000545422225431313311 3
220054540022545411333311 3
301054542123445503012321 3
301054542123554423210301 3
202054542020454533113311 3
005454222254540033113131 3
005454002254542233111313 3
002254542200545433111133 3
030155441232545430103212 3
030144551232545432123010 3
020245450202545433113311 3
550022554422004411113333 3
440000555522224411113333 3
220044550022554411113333 3
030355551212444410103232 3
010155553232444412123030 3
020255550202444413133131 3
530022531422001415153344 3
140000535322221451513344 3
220014530022531411553344 3
304053532125441105012324 3
501053532423114425210304 3
202053532020414135415314 3
005353222214140055113434 3
001453002253142255114343 3
002253142200145355114433 3
030455331252141450103242 3
050133554232141452123040 3
020235350202141453143541 3
415022313525010334042415 3
515022313524301024143405 3
211022313023130044545455 3
030152413122043454103255 3
103042413122043554230155 3
001312013122033254444555 3
313122003131002254545454 3
312222313100003154545544 3
340532124142003151504253 3
340421235142003152534150 3
320313220112003154554454 3
310025341232505130544412 3
310025352321405121544403 3
310023302213102155544445 3
415000313424212335052415 3
414000313524321225153405 3
211000313023132245554445 3
030140513122243445123055 3
103040413122253445032155 3
001310213122233045445455 3
313100223131220045454545 3
312200313100223145455544 3
340530105152223141404253 3
350501035142223142434150 3
320313000112223144454555 3
310004351232525132454410 3
310005352321524101454423 3
310003322213120155454454 3
425031310425113325042405 3
524031310524331125042405 3
220031310022131345545445 3
020241410022343455113355 3
202041410022343455331155 3
223131220031310055444545 3
223131000031312255445454 3
240533114052313152404250 3
250411335042313152404250 3
220013130022313154454554 3
220035350202515133444411 3
220035352020515111444433 3
315025311124403300542425 3
115040313124253345002425 3
255011314024313350402425 3
540001512524123404313325 3
004541212524153004331325 3
050431112524133304425025 3
403131242533115004054522 3
403331502531112404052254 3
402431332550113104055242 3
445511335544113302022020 3
425213130504113304052425 3
405030345422215331052411 3
405035322245410311052413 3
405033314252111352052440 3
315025313324401122540405 3
335040313124251145220405 3
255033314024311152420405 3
540021512524301424133305 3
004541012524351224333105 3
050411312524331324405205 3
403131242511335024254500 3
401131502531332424250054 3
402431112550333124255040 3
445533115544331120200202 3
425213130504331124250405 3
405032345422035113250411 3
405035302245432111250431 3
405031334252131150250442 3
312020311320201354544455 3
132020313120201345454455 3
202013312020311355444455 3
220051512020141444333355 3
002241412020151544333355 3
203131202013132044554545 3
201331202031132044555454 3
202031132020133144555544 3
242533115040131340504252 3
242511335040131342524050 3
202034340022535311554411 3
202035352200434311554411 3
404131222534103004351525 3
405131222434030114250535 3
102131222330001344454555 3
301051522231340544012345 3
010351422231350544321045 3
130001122231320344545545 3
053523215241310040514342 3
043512325251310043524041 3
033222131201310045554445 3
003134242123415003554521 3
003135243212414012554530 3
003130231322211054554544 3
505131002534123204351424 3
405131002535232114250434 3
102131002330221354554454 3
301051502231352444210354 3
010341502231352544301254 3
130021102231302344455554 3
043403015241312240515352 3
043510304241312243525051 3
033200131201312244545455 3
003134042123514223555401 3
003134053212414210555432 3
003132031322011245555444 3
504231312504113304250524 3
405231312405331104250524 3
002231312200131354454554 3
202051512200353544113344 3
020251512200353544331144 3
052433115240313140525042 3
042511334250313140525042 3
002213132200313145545445 3
002234342020414133555511 3
002234340202414111555533 3
330552113142043154004252 3
310504113342523100454252 3
520531110442333105044252 3
005453015242343240111352 3
450023415242303540311152 3
504013115242313340240552 3
041133425231310540502245 3
043133055211314240505422 3
044233315205311140502524 3
040534102254512133504213 3
040532154522014131504233 3
040533132425113125504204 3
110552333142043154224050 3
310504331142523122454050 3
520531330442113125244050 3
005451235242343042113150 3
450001435242323542131150 3
504011135242333142042550 3
043311425231310542520045 3
043111055233314242525400 3
044211315205313342520504 3
040514322254510133524031 3
040510354522214113524033 3
040513332425311105524024 3
130202133102023154544455 3
310202131302023145454455 3
020231130202133155444455 3
002253530202343444111155 3
220043430202353544111155 3
021313020231310244554545 3
023113020213310244555454 3
020213310202311344555544 3
020214142200515133554433 3
020215150022414133554433 3
340022345122005153534411 3
510000343422225135354411 3
220051340022345155334411 3
401034342523115503052421 3
305034342124551123250401 3
202034342020151543153451 3
003434222251510033554141 3
005134002234512233551414 3
002234512200513433551144 3
040133445232515130504212 3
030544331242515132524010 3
020243430202515134514315 3
350022354122004151514433 3
410000353522224115154433 3
220041350022354155114433 3
403035352521114401052423 3
105035352324441121250403 3
202035352020141441351453 3
003535222241410011554343 3
004135002235412211553434 3
002235412200413511553344 3
040333555212414110504232 3
010555333242414112524030 3
020253530202414114534135 3
330022331122001155554444 3
110000333322221155554444 3
404033332525111105052424 3
505033332424111125250404 3
505111222434303004143525 2
115124223034503010443525 3
245130225034113041403525 3
302111222130003354544545 2
404111222535030334240515 2
551011422434333504002125 3
015551322434343104120025 3
150501022434323104534125 3
502211342430305104145532 3
503411302451302204145253 3
545412125454303003123021 3
535222111404303005153424 3
505110244423205033143521 3
505115223244400012143533 3
505113234342201052143540 3
114125220335400323440515 3
254103224035110342430515 3
441021422535000534332115 3
014451022535040234123315 3
140431322535020134504215 3
402211352503034134245501 3
403511032541032234245150 3
454521214545030330210312 3
434222111505030335250414 3
404113245523135300240521 3
404115213255433312240500 3
404110205352231351240543 3
112121220030303355444545 3
212100223030113345454545 3
231051422130043554302145 3
013251422130043554120345 3
120331022130023154544545 3
302211302133002154545544 3
303011332121002254545454 3
352521214140003350514342 3
342412125150003353524041 3
302115241023405330544521 3
302115243201405312544503 3
302113200312201354544545 3
101041422233350544032155 2
411022423533100504342155 3
221035421033410530442155 3
205041422034553014133125 3
400041422532035534231115 3
302041422131505324534105 3
110001322233320144554455 2
010151522233340444123055 2
104241332205351044031525 3
103341052210354244035512 3
111544213243350540002352 3
141312445213350543022050 3
131224140203350541052453 3
101045453232454512032130 3
101040433322251555032144 3
510122523433010414243055 3
220134520133510421443055 3
315151522134443004023025 3
411151522533034434220005 3
312151522030404334524015 3
015251332204340144120535 3
013351042201345244125503 3
000555212243340441113352 3
040212555203340443123151 3
030225151213340440153452 3
010154542323545403123021 3
010150533322241455123044 3
010022323233110154544455 3
220032321133010155444455 3
415001322534213014053425 3
415001322534031234251405 3
312001322031102344554455 3
113201332201320044554545 3
113301012200323244555544 3
140530215243320141504352 3
140512035243320143524150 3
130223100213320144554455 3
110004342323525103554421 3
110005353232424112554430 3
505211332404313104240525 2
404211332505131304240525 2
002211332200113354544545 2
202041432200351544133155 2
020251532200341444133155 2
220011332200331144554455 2
052531314240331140425052 2
042413135250331140425052 2
002233112200331145455454 2
002214342020535113445531 2
002215350202434113445531 2
002211330022331155445544 2
505311002414323204341525 2
404311002515232314240535 2
102311002310223354544545 2
303041402211352544230155 2
030351502211342444103255 2
330021302211302144554455 2
053501014241332240435152 2
043410105251332241425053 2
013200113201332245455454 2
003314042121535223445501 2
003315051212434210445532 2
003312031122031255445544 2
051521214243330040415352 2
211542213343050044105352 3
421533210543210014045352 3
105541114243350340032252 3
550131514243310440223052 3
515001314243320240351452 3
052121434200331540413255 3
054321004215332140412535 3
031222111203330045455454 2
041412125253330043425051 2
051524202344532003415311 3
051522254432034011415330 3
051520233424131025415304 3
121452123353040044235051 3
521433120453120024345051 3
104442225253350043031151 3
440102525253320443113051 3
414002325253310143052451 3
041212535200331443420155 3
045312005214331243421505 3
041414132355531003425022 3
041411155532334022425030 3
041410133525232015425034 3
221212113303030044555454 3
121233110303220054545454 3
102342511203350445031254 3
320142511203350445213054 3
213002311203310245455454 3
031122031200331245454455 3
030322001212331145454545 3
031224152310534003455412 3
031224150132534021455430 3
031220133021132045455454 3
001114242323535003445521 2
141123245323005040435521 3
231153240023145044305521 3
502114242420305503143531 3
004114242225550333340511 3
303114242120053553240541 3
002414232350531103445152 3
002314502311532403441255 3
051121444333535000415222 3
031444121353535002425021 3
021242411303535005415324 3
001110233322231055445544 2
001115253232434012445530 2
151132254332004041425530 3
321143250032154044215530 3
503115253431304402142520 3
104115253335440322240510 3
202115253130043452341540 3
002515323240431112445053 3
003215403211432512440355 3
051021554222434010415333 3
021455120252434013435031 3
031352511202434015405234 3
101133232322001045455544 3
331123230022101044555544 3
504110233425302105142534 3
504110233425120325340514 3
203110233120013255445544 3
002310223310231155445454 3
002210103311232355444455 3
051421304352231050415243 3
051403124352231052435041 3
021332011302231055445544 3
325350001114243244031525 3
245332005014113243401525 3
553031402414313504220125 3
035551102414343304102225 3
350521202414303104514325 3
503211532400321404342155 3
501411322453320004345251 3
545410105454323201321023 3
515200113404323205351424 3
505310044421225233341501 3
505315021244420210341533 3
505313034142021252341540 3
234340001115252344120535 3
254323004015112342410535 3
443021402515202514330135 3
034451002515242214103335 3
340431302515202114504235 3
402311432500231514243055 3
401511232543230014245350 3
454501014545232310230132 3
414200113505232315250434 3
404311045521335322240501 3
404315031255431310240522 3
404312025152031353240541 3
222310001110233344554545 3
232322001010113345454545 3
213051402310243554320145 3
031251402310243554102345 3
320131202310203154544545 3
103311232300221054544455 3
101011332323220054545454 3
152501014340223350534142 3
142410105350223351524043 3
102315043021425332544501 3
102315041203425310544523 3
102313020132021354544545 3
353030404111222543420155 3
223035403011412532440155 3
005041402214553234331125 3
402041402510235514233135 3
102041402313525304534125 3
302541302240351144235051 3
301141252230354044235510 3
313544013241352540200152 3
343310445211352541220050 3
313204140201352541250453 3
303045451212454510230132 3
303042431122051555230144 3
340303505111222440413255 3
220334500311512401443255 3
335351502114443204001225 3
431351502513234414200205 3
132351502010424334504215 3
032451032250341144105352 3
031151242203345044105523 3
020555010241342443133152 3
040010555221342441123353 3
010205153231342442153450 3
030354542121545423103201 3
030352531122041455103244 3
300033302111222145454455 3
220030303311212155444455 3
435021302514013234051425 3
435021302514231014253405 3
132021302013120344554455 3
332121002230301144555454 3
331121212200303044555544 3
340532015241302143504152 3
340510235241302141524350 3
310203120231302144554455 3
330024342121505123554401 3
330025351212404110554432 3
333505010141422203445152 3
423533010541012234045152 3
305541314241352140230052 3
550311514241332440003252 3
535021314241302040153452 3
052201354201334140435521 3
054101224235330140432515 3
053504002144532223435111 3
053502054412034211435132 3
053502031424131225435104 3
333404101051522212445053 3
523433100451102224145053 3
304440205251352041231153 3
440300505251322441113253 3
434020305251312141052453 3
042210345210335141425530 3
045110225234331041423505 3
043414112155533223425000 3
043413155512134200425032 3
043412131525030235425014 3
333201110001322255445454 3
323233110101002254545454 3
302140513201352445231054 3
120340513201352445013254 3
231020313201312045455454 3
012200323211330145455544 3
010100223232331145454545 3
013204152130534223455410 3
013204150312534201455432 3
013202131023130245455454 3
533300041421215234245501 3
213353040021145244325501 3
500314042422325503341511 3
204314042025552313140531 3
101314042320253553042541 3
005214332104532123440515 3
002114522133530423441055 3
053101444131535220435202 3
033444101151535222425003 3
023240413101535225415304 3
433300051512124204145532 3
123343050012154244015532 3
503315051411324400342522 3
104315051315442320240532 3
202315051310243450341542 3
004215331205431210443525 3
001215421233430510442355 3
053201554202434210435131 3
003455102252434211415033 3
013150513202434215425034 3
033300031222111254545544 3
113303030022121244555544 3
504312031425320105342514 3
504312031425102325140534 3
201312031320213055445544 3
001212331103032255444545 3
002212121133030355444455 3
053401324152031250435241 3
053423104152031252415043 3
023130213102031255445544 3
115224333104503120440525 3
315250331104243144020525 3
552021432404303504113125 3
025551032404343204131125 3
250511132404333104504225 3
503311042431315204245502 3
503111522433310404242055 3
545413135454313100220022 3
505233112404313105250424 3
505210344420215133240531 3
505215320244410113240533 3
505213334042311152240540 3
114225331305401320440525 3
134240331105251344020525 3
442021432505101504333125 3
024451032505141204133325 3
240431332505131104504225 3
403311052513134204245502 3
401311422533130504242055 3
454531314545131300220022 3
404233112505131305250424 3
404210345520235311240531 3
404215320255430313240511 3
404211315052331352240540 3
112222331100003355444545 3
112200331100223344554545 3
202051432200143554313145 3
020251432200143554131345 3
003311002233112254545544 3
003311222233110054544455 3
052531314240113350524042 3
042413135250113350524042 3
002215342020415331544531 3
002215340202415313544513 3
412022433500201514343155 3
352020434100221543413155 3
305041432104553124230125 3
401041432503135504232125 3
002041432202515334534115 3
204341002215352044131535 3
201541202243350044135351 3
212544313240351540103052 3
242313445210351540123050 3
202234140200351541153453 3
202045450202454513133131 3
202041430022351555133144 3
510222533400021414343155 3
340202535100221443413155 3
325251532104443104030125 3
421251532503134404230105 3
022251532000414334534115 3
025351002214340244131535 3
021451022253340044135351 3
010555313240341442123052 3
040313555210341440123252 3
000235152220341441153453 3
020254542020545413133131 3
020251530022341455133144 3
110022333300221154544455 3
330022331100221145454455 3
425011332504313124050425 3
425011332504131304252405 3
223311002211330044554545 3
221111002233330044555454 3
240531315240331142504052 3
240513135240331140524250 3
220014342020535113554431 3
220015350202434113554431 3
312542313340051144205052 3
332505313140421102445052 3
205541214240351040133352 3
550201514240321440333152 3
525011314240331340052452 3
053131404211332540420255 3
051131254231334040425520 3
052534302044532113425011 3
052532354402034111425031 3
052531330424131125425004 3
132452133350041144205052 3
332404131350521102445052 3
204443235250351040131152 3
440203535250321440113152 3
424013335250311140052452 3
041313505211332440420255 3
041113245213335040425520 3
042414102055532113425033 3
042412155502034133425031 3
042411130525333125425004 3
332222113300001144555454 3
332200113300221155445454 3
202043512200351445131354 3
020243512200351445313154 3
001133002211332245454455 3
001133222211330045455544 3
002234152020534113455413 3
002234150202534131455431 3
142220345320005141435531 3
532200341420205134145531 3
503214342421315503240501 3
104214342325551303040521 3
000214342220153553341541 3
003414202051532213445153 3
005114222034532013443515 3
052131444030535110425232 3
032444131050535112425032 3
022243412000535115415334 3
152202354302004141435531 3
432200351502024134145531 3
503215350401314403242521 3
104215350305441323240521 3
202215350200143453341541 3
003515020241432213445153 3
004115220235430213443515 3
052131554232434110425030 3
032455131252434110405032 3
002053512202434115415334 3
112200333322001145455544 3
332200331122001154545544 3
504211330425313105242504 3
504211330425131325040524 3
003311220011332255445454 3
001111220033332255444545 3
052431314052331150425240 3
052413134052331152405042 3
110542113342053344005252 2
420533110542113304045252 2
330505111142423300445252 2
515542113044530314002232 3
213542113041335054504202 3
015102013342053244351452 3
151022513342003044415352 3
501132513342013444250052 3
113342053311054244005522 3
114242333305051144002525 3
120214120342053341055453 3
140311245312053342025450 3
110544143234552330005212 3
110542154323454321005203 3
110543102433152325005244 3
535505111440234330042212 3
231505111043332450540242 3
035345411142453200321052 3
353025511142443400012352 3
503335211142413000254452 3
331105421133420500442255 3
334205331105421100442525 3
320210154102423303455451 3
340111505132423302425054 3
330500101214522334445215 3
330502154121020351445243 3
330503142411125325445200 3
525533110040131344042252 3
225533110044331154540202 3
045203410542153204311352 3
254023510542143004311352 3
502433110542113304254052 3
421133420533110504042255 3
423333050511114204045522 3
420213134542113302055450 3
440011335522113302025454 3
420530145204512331045213 3
420532154025410331045213 3
420533112450113325045240 3
005541014242353240331152 2
415542013542003234301152 3
355500014142423203431152 3
425535010042413233041152 3
105541014344523300532122 3
202541014540235310534132 3
505031314242313140250452 2
550021514242303440113352 2
000141424232355540331215 3
003241554201354240335121 3
004241324255350140332511 3
015204113202353240351454 3
045410145202353241321053 3
005542054422054211331133 3
005543032424151225331104 3
210042513042553414103352 3
300055512142423401413352 3
420030515542213411043352 3
355021514144043350012322 3
252021514045430330514312 3
555121424234300040113235 3
553421004251304240115323 3
554221344200305140112533 3
530252111202303445103454 3
540415120252303443123051 3
550024502244502433113311 3
550023532424101425113304 3
315042313142503124500452 3
315050313142423105420452 3
425031315042313152040452 3
005031314244113350552422 3
202031314545131300554422 3
503131424231315040254205 3
503131504231314240255024 3
504231314250313140252540 3
545233115202313140200454 3
545413130202313144220055 3
505034302244512133250411 3
505032354422014111250433 3
051111424233330540402255 2
255111424434353000103225 3
352111424130503320504245 3
101541024233320240534155 3
510121224233300440143555 3
115051324233340140220455 3
054211334205331140402525 2
053311054211334240405522 2
021541210203330545412354 3
031424111253330542452050 3
051114402343535503402221 3
051115453432034512402230 3
051110433324231555402204 3
552311054414323400301522 3
152311054310243350204542 3
303541054211354540230122 3
530351554211304440103222 3
335021354211304140550422 3
053201510201334245435124 3
013450113251334245425020 3
053314002141232243405551 3
053312021412034215405534 3
053314031124531222405504 3
252211334404313100405525 3
552211334400113320204545 3
402541034205321540133125 3
520451234205301440133125 3
245011334205331140520425 3
054531310205331145422024 3
004433112255331145452020 3
054214302540235113402531 3
054215320452034113402531 3
054211335024331152402504 3
110202113302023344555454 2
330202111102023355445454 2
020233110202113354545454 2
002241510202353445331154 2
220041510202353445113354 2
202031310202313145455454 2
021111020233330245454455 2
023311020211330245455544 2
020211330202331145454545 2
020214152200534333455411 2
020214150022534311455433 2
020213132020131345455454 2
110452113352043344225050 2
330404111152523322445050 2
520433110452113324245050 2
004441215252353042331150 2
440001515252323442113350 2
404031315252313142052450 2
041111525233330442420055 2
043311045211335242425500 2
045211335204331142420505 2
040414122255530333425011 2
040410155522234311425033 2
040413132525131305425024 2
050514102244532333405211 2
140522105344052343035211 3
530505101444222330345211 3
220553100544142304335211 3
551514102443335203004221 3
452514102040323553103241 3
051014442223530533402151 3
052314052210534433401512 3
054414232205531033401125 3
020111040234532335455412 3
040201415254532332415310 3
050513132424131325405204 2
050512154422034311405233 2
120544150322054341015233 3
030505151222444310145233 3
440503150522124304115233 3
553512154421330401002243 3
254512154020343051301243 3
051512224443030511402353 3
054312054415032211403532 3
052212434405031511403325 3
020311520412034315455234 3
020451215452034312435130 3
130524131324051342055204 3
130505131324241350245204 3
240513130524131304525204 3
550513132422331105004244 3
454513132020313155002244 3
051313242413130525402450 3
051313052413132425400542 3
052413132405131325404025 3
020411330454131325455202 3
020231315454131322445500 3
412452113555303424321000 3
213452113051334054524020 3
014122213352053044341550 3
141002513352023244514350 3
401132413352013544052250 3
113352043311045244225500 3
115252333304041144220505 3
140221510302043345235154 3
150311254312043340205452 3
110454143235540330225012 3
110450155323444321225003 3
110453102533142305225044 3
234404111555353222143000 3
231404111053332552542040 3
034344411152553022321050 3
343004511152543422012350 3
403334211152513022054450 3
331104521133520422440055 3
335204331104521122440505 3
320441010102523325415354 3
350111404132523320405254 3
330402121215520335445014 3
330400155121222341445053 3
330403152511124305445022 3
222433110555313124445000 3
224433110055331154542020 3
054223410452153024311350 3
245003510452143224311350 3
402533110452113324054250 3
521133520433110424240055 3
523333040411115224245500 3
540431310402113325205254 3
550011334422113320205454 3
520432144205510331245013 3
520430155024412331245013 3
520433112540113305245042 3
414452213552003034321150 3
354400214152523023431150 3
524435210052413033241150 3
403441215551330522230140 3
202441215450035312534130 3
002141525230354442331015 3
003041445221355242335101 3
005241305244352142330511 3
024311420212353045351054 3
054512144202353041301253 3
004440255522254011331133 3
004443232525151005331124 3
010052513252443414123350 3
320044510152523421413350 3
520032514452013411243350 3
441001515553334222214300 3
242001515054432332514310 3
445101525234320042113035 3
443401005251325242115303 3
445201345200325142110533 3
420111050232323445153450 3
450515100242323443103251 3
440004522255520433113311 3
440003532525121405113324 3
314052313152403104522450 3
314040313152523125402450 3
524031314052313150242450 3
400031315552331122254440 3
202031315454131322554400 3
403131525231314042054025 3
403131405231315242055204 3
405231315240313142050542 3
424511330242313145052050 3
454513130202313144002255 3
404034322255510133052411 3
404030355522214111052433 3
444111525530034332220015 3
342111525130403302524045 3
101441225233300042435155 3
410101025233320442153455 3
114041325233350142002455 3
021212155203330443450451 3
031525111243330440450252 3
041114522353535403420021 3
041115553532234412420030 3
041110533325231455420024 3
444311045015532312220530 3
142311045310253352024540 3
303441245211355542230100 3
430351545211325442103200 3
334021345211305142552400 3
023214100251335241455403 3
013540113241335245405202 3
043314022151030253425541 3
043310001512234214425535 3
043315031125431200425524 3
444211335000131342220555 3
442211335500113302024545 3
502441235204301542133105 3
420551035204321442133105 3
254011335204331142502405 3
025213135254331140450402 3
005533112244331145450202 3
045214322450035113420531 3
045215300542234113420531 3
045211334025331150420524 3
140422125355040343235011 3
530404121455220332345011 3
220453120455140324335011 3
344414122155053353220001 3
542414122050303553123041 3
041214552203530433420151 3
040314042212535533421510 3
045514032204531233421105 3
030242111205530335425414 3
050221414245530330415312 3
100455152322044341215033 3
230404151022554312145033 3
550423150422104324115033 3
144410155325423321520003 3
245410155020343251321043 3
041510225543230411420353 3
044310045515232211423530 3
042210435504231511423305 3
010205113502234312455434 3
020551014542234310435132 3
130425131325041340255024 3
130404131325251352045024 3
250413130425131324505024 3
044413132225113355520004 3
545413132020313155220044 3
041313252513130405420452 3
041313042513132505422540 3
042513132504131305424205 3
050233114505131302425424 3
020231314545131300445522 3
515202113504230314052434 3
415202113505303224351404 3
012152513302053444321054 3
121042513302053544012354 3
201132213302013044455554 3
113302023311020244555544 3
110202333302021144554545 3
140410125342023341525053 3
140521014342023340535152 3
110204143230524330555412 3
110204150323424321555403 3
110203102033122345555444 3
535202111405230335042414 3
534202111505303225143404 3
032342411102053455321054 3
323042511102043455012354 3
203332211102013055454454 3
331102021133020255444455 3
330202331102021155444545 3
340410124152023353425051 3
350421014142023350415352 3
330205151210524330445412 3
330204150121525321445403 3
330203102011122345445455 3
525233110505131304042424 3
525233110505313124240404 3
002253410202153454311354 3
220043510202143554311354 3
021133020233110254544455 3
023333020211110254545544 3
040413134242113352525050 3
040431314242113350505252 3
020235142200514331545413 3
020234150022415331545413 3
412202513502003434351154 3
352200514102023453431154 3
022235510002413433541154 3
105241510304543305232124 3
403241510501334525230124 3
005141020234352245331415 3
003441220251350245335141 3
000241340222355145334511 3
012454113252353440321050 3
052311454212353440301052 3
002244550022554411331133 3
002243532020151445331154 3
410002513502223414153354 3
350022514102023451413354 3
020035512202413411543354 3
325041510104543325012324 3
421041510503334525212304 3
225141020234350045113435 3
223441000251350245115343 3
220241340200355145114533 3
230454111252353442103050 3
250111454232353440103250 3
220044552200554433113311 3
220043532020151445113354 3
312002313102203144555454 3
312020313102023155445454 3
505031310404113325252424 3
404031310505331125252424 3
203131020231312045454455 3
203131200231310245455544 3
242433115252313140405050 3
252511334242313140405050 3
202034352200514133455411 3
202034350022514111455433 3
425111020434323005153425 3
424111020534032335250415 3
101241520233340445230155 3
210141420233350445103255 3
112021320233300145445455 3
041501215253330242414350 3
051512105243330243404251 3
021114052303535203454421 3
021115053032534212454430 3
021110033320231255454454 3
524311020414323005351524 3
424311020415032315250534 3
303241520211350545230144 3
230351520211350445103244 3
332021320211300145555444 3
053401215251330242435140 3
053512104251330241405243 3
023314052101434203455521 3
023314041012534212455530 3
023310031120231244455554 3
424211330404313105052525 3
424211330404131325250505 3
002241530202341545133145 3
220051430202351445133145 3
050531315252331142424040 3
050513135252331140404242 3
020214352200435113454531 3
020215340022534113454531 3
140222155300024343535411 3
530202151400224335345411 3
220253150200144354335411 3
521214152403335403050421 3
324214152105453303250401 3
021514002243530233454151 3
024314022215530033451514 3
020014432202531533451145 3
040111545230534332425012 3
030545111240534330425212 3
140200155322024341515433 3
530202151422004315145433 3
000253150222144354115433 3
523214150421335401052403 3
124214150325453321050403 3
021514220043530211454353 3
024314020015532211453534 3
022214430002531511453345 3
040311545012534312425230 3
010545113042534312405232 3
130220131320021344555454 3
130202131320201355445454 3
525213132424331105050404 3
424213132525113305050404 3
021313202013130245454455 3
021313022013132045455544 3
040411335050131342425252 3
050533114040131342425252 3
140022145322005343435511 2
220053140022145344335511 2
530000141422225334345511 2
541022145424030513032531 3
444022145125503023331501 3
243022145021350053134541 3
010442345322055543301211 3
004132045322015243553411 3
145322005314002243431515 3
142222535300001443431155 3
150112423332005344405215 3
130324211352005342455410 3
120541220342005345415313 3
140024133252101350435542 3
140025102235402311435534 3
531000141323232554042541 3
333000141125523224445501 3
234000141025352254143531 3
050330441422255534321011 3
003530241422215034554311 3
531400221453220034345151 3
532200531400221434341155 3
550110404442225333305211 3
540404011452225332315310 3
520141000432225335315414 3
530003144212121352345540 3
530005122241420311345543 3
521053140324431524032501 3
423053140125513424032501 3
220053140022354154134531 3
020233340022155544341511 3
002233440022115544553311 3
221453220053140044335151 3
225353000014142244331515 3
250115433042145342305210 3
240334511052145342305210 3
220041350022145345315413 3
220054140202141351335543 3
220055112200443311335544 3
501014142423335503042521 2
141024143323505500432521 3
331050141423245534002521 3
241033145023145540302521 3
202014142020353553143541 2
304014142125553323240501 2
150004442423325503531121 3
010554342423315103524021 3
501414232455331003045122 3
505514102414332303042215 3
502314552410331403041252 3
531444111453335502022020 3
521241410403335505012324 3
501010134322231553042544 3
501015133242434512042530 3
144021145525303322430501 3
554030141425213334220501 3
214055143025143342320501 3
430024442125503523351101 3
040334542125513123504201 3
301414252133554023245100 3
303314402114552523240015 3
302514332140551423241050 3
354111444135553320200202 3
324241410105553325210304 3
304012131522051335240544 3
304013155212454310240532 3
142020143520203515433541 3
352020141420203534513541 3
202035142020143541353541 3
220014442020333553551141 3
020254542020313153534141 3
201414202035352053145134 3
203514202014352053144315 3
202014352020351453141453 3
252111444030353550103242 3
232444111050353552123040 3
202015130022451533143544 3
202013130202454514143535 3
001414222253530033445151 2
505414222453305003143121 3
304414222555050333240111 3
302414222150003553543141 3
104044422253550133032151 3
410004322253520133154451 3
002214532200531433441155 2
005314002214532233441515 2
011121244233530030445552 3
031442121213530035425054 3
051222414203530031415354 3
001413232325531005445124 3
001410253522234015445133 3
101314002413325203544525 3
304314002111252343240555 3
402314002510223513143545 3
503044402214512533230115 3
350024302214502133514415 3
055501044234532230431112 3
035440105254532231421013 3
015200413204532235451314 3
005313032421135225441504 3
005312054122034251441533 3
105214532403345103240125 3
304214532501154303240125 3
002214532200413513543145 3
202044432200511133435155 3
220044332200551133114455 3
012551344230531430421052 3
032443155210531430421052 3
002235412200531431451354 3
002213532020535415441134 3
002211550022334455441133 3
050111444232535330405212 2
110142445332055343005212 3
530105441132425300345212 3
420153440532115304035212 3
001541044232555230334112 3
105031344232545130250412 3
054411324253530130402251 3
055311014244533230401522 3
053211534201534430402125 3
020241410202535335415314 2
030444111252535332425010 2
050113402243132355405241 3
050115452324431321405203 3
440412115352035343225010 3
530403114452125322345010 3
120453110352445324235010 3
004344211252555032331410 3
403034311252515432052410 3
031144521253530432420051 3
035344041211535232421500 3
035244531204531132420105 3
030443122215130355425014 3
030445152521134301425023 3
410202415302025343155314 3
530202414102025351345314 3
020253410202415314535314 3
002241110202555335334414 3
202031310202545435351414 3
024141020253530235413451 3
025341020241530235411543 3
020241530202534135414135 3
020243452200134355415311 3
020245452020131341415353 3
130022131322001345455544 2
130000131322221354545544 2
220013130022131344555544 2
504013132425331105042524 2
504013132425113325240504 2
202013132020313155445544 2
001313222213130055445454 2
001313002213132255444545 2
002213132200131355444455 2
050411334252131350405242 2
050433114252131352425040 2
020231310202131355445544 2
150022154322004341415533 2
430000151522224314145533 2
220043150022154344115533 2
503015152421334401042523 2
104015152325443321240503 2
202015152020343451341543 2
001515222243430011445353 2
004315002215432211443535 2
002215432200431511443355 2
050311554212434310405232 2
010455113252434312425030 2
020251510202434315435134 2
553022154424030411012533 3
454022154325403021311503 3
253022154021340051314543 3
501052554322014441210333 3
005132054322014241551433 3
154322004315002241413535 3
152222434300001541413355 3
150312521312004345405234 3
110125213352004342445530 3
120451220352004345435131 3
150023132423104325415504 3
150024102234502333415514 3
533000151121232444042553 3
131000151325423224544503 3
235000151024342254341513 3
304050551522244114012333 3
003430251522214014554133 3
431500221543220014145353 3
432200431500221514143355 3
450310504542224313105231 3
440405013552224312115330 3
420151000532224315135434 3
430003132125421305145524 3
430004122251520333145541 3
523043150124531424012503 3
421043150325413524012503 3
220043150022345154314513 3
202053550022114144415333 3
002233550022114444551133 3
221543220043150044115353 3
224343000015152244113535 3
250314531042154342105230 3
240135413052154342105230 3
220051340022154345135431 3
220043132020454335115514 3
220044112200553333115544 3
153024153321504400412523 3
333050151521244414002523 3
243033155021154440102523 3
005355252421344001113423 3
030545352421314101524023 3
501515212444333001045322 3
504415302415332101042235 3
502115442430331501043252 3
513455113451334402022020 3
523251510401334405032124 3
503013122214130455042534 3
503014131242535432042510 3
154023154425103322410503 3
444010151525233314220503 3
234044151025153342120503 3
001455052325443221114303 3
040135452325413121504203 3
101515252333444021245300 3
103315402315442521240035 3
102515332340441521243050 3
154311554315443320200202 3
124251510305443325230104 3
104013102253142355240543 3
104013145232545330240512 3
152020153420203435411543 3
342020151520203414531543 3
202034152020153443151543 3
002255152020343351114443 3
020245452020313151514343 3
201515202034342051345314 3
203415202015342051344135 3
202015342020341551343451 3
252311554010343450301242 3
212455113050343452321040 3
202013142200145455341533 3
202013130202545434341515 3
505515222441304001143323 3
104515222545040331240313 3
302515222140003451541343 3
050135522243440411123053 3
510005322243420111354453 3
031321254213430010455452 3
011452123233430014425055 3
041222515203430013435154 3
001513254232131052445340 3
001510243422235035445311 3
303315002411324201445525 3
104315002313242351240545 3
502315002410223431341545 3
030455302215442411103235 3
340025302215402111534435 3
054501054215432210433132 3
014450105255432211423033 3
014200513205432215453134 3
004315031252131250443542 3
004312045122035253443511 3
305215432401354101240325 3
104215432503145301240325 3
002215432200513431541345 3
020235332200441411143555 3
220055332200441111334455 3
032541354210431510423052 3
012453145230431510423052 3
002234512200431513453154 3
002215450202131553443341 3
002211440022335555443311 3
110342554312054341005232 3
430305551112424300145232 3
420343550512114304015232 3
530021554212404410153332 3
305031354212454110250432 3
055511124243430310402253 3
054311034255431210403522 3
051211434203435510402325 3
050312531422031315405244 3
050314542124531323405201 3
550432114352014341225030 3
430401115552324322145030 3
320443110152554324215030 3
140005513252424412513330 3
401035313252414512052430 3
011155523243430412420053 3
014355043211435212423500 3
015255433204431112420305 3
010450135322231351425044 3
010454142523135303425021 3
510202514302024341355134 3
430202515102024353145134 3
020243510202514334515134 3
220011510202434415553334 3
202031310202454515153434 3
025151020243430215431453 3
024351020251430215433541 3
020251430202435115434315 3
020254530022531311435144 3
020254542020131343435151 3
534022131424030115052534 3
434022131425103025351504 3
233022131021310055454544 3
010342531322051545301244 3
301052531322051445210344 3
131322001313002245454545 3
132222131300001345454455 3
150412325352001343405241 3
150523214352001342415340 3
120131220332001345445545 3
130024153212404310455532 3
130024142123504323455501 3
534000131525232114042534 3
535000131425123224341504 3
233000131021312254445554 3
010350431322251554321044 3
301050531322241554012344 3
131300221313220054545454 3
132200131300221354544455 3
150410304342221353505241 3
140403014352221352515340 3
120131000332221355545444 3
130005143212424312545530 3
130004142123425303545521 3
524013130524331124052504 3
425013130425113324052504 3
020253530022151544331144 3
202053530022151544113344 3
221313220013130044555454 3
221313000013132244554545 3
250411335042131342505240 3
240533114052131342505240 3
220014140202434311555533 3
220014142020434333555511 3
134024133325501100452524 3
334050131325241154002524 3
244033135025131140502524 3
450003432425321505131124 3
005453232425341005113124 3
501313252411334005045422 3
501113402413332505042245 3
502513112440331305044252 3
554433114455331102022020 3
524231310405331105042524 3
504010154522234113042533 3
504014122254530133042531 3
134024131125503322450504 3
114050131325243354220504 3
244011135025133342520504 3
450023432425103525311104 3
005453032425143225111304 3
501313252433114025245400 3
503313402413112525240045 3
502513332440111325244050 3
554411334455113320200202 3
524231310405113325240504 3
504012154522014331240533 3
504014102254512333240513 3
132020133120203145455544 3
312020131320203154545544 3
220043432020353555111144 3
002253532020343455111144 3
201313202031312055445454 3
203113202013312055444545 3
252411334050313150405242 3
252433114050313152425040 3
202015150022414133445533 3
202014142200515133445533 3
505313222415301005143424 3
504313222515010335240414 3
302313222110003155545444 3
103043422213150455032154 3
030143522213140455123054 3
041421234253130050435152 3
051432124243130051425053 3
011222313203130054445554 3
001315252321534001445423 3
001314251232535032445410 3
404313002415321205143525 3
504313002414212335240515 3
302313002110223145445545 3
103043402213142555230145 3
030153402213142455103245 3
051501034253132250434142 3
051430105253132251424043 3
011200313203132255454544 3
001315052321435221444503 3
001315041232535230444512 3
405213132405331105240425 3
504213132504113305240425 3
202043432200141455331155 3
020243432200141455113355 3
042511334250131350424052 3
052433115240131350424052 3
002215152020535311444433 3
002215150202535333444411 3
110442331352051345005242 3
130405331152421300545242 3
420413330552111304055242 3
004541034252151250333142 3
540021534252101450133342 3
053311524213130450402254 3
051311044233135250404522 3
055211134204133350402425 3
050415302245432311405231 3
050412345422035313405211 3
330442111352051345225040 3
130405113352421322545040 3
420413110552331324255040 3
004543214252151052331340 3
540003514252121452313340 3
051133524213130452420054 3
051333044211135252424500 3
055233134204131152420405 3
050435122245430311425013 3
050430145422235331425011 3
310202311302021345455544 3
130202313102021354545544 3
002241410202151555333344 3
220051510202141455333344 3
023131020213130255445454 3
021331020231130255444545 3
020235352200434311445511 3
020234340022535311445511 3
