000000 001
000001 100
000002 101
000100 010
000101 001
000102 011
000200 010
000201 100
000202 110
000*1* 000
001000 101
001001 000
001002 100
00101* 001
001100 000
001101 011
001102 010
00111* 001
00120* 001
001210 011
001211 101
001212 111
01000* 010
010010 011
010011 110
010012 111
010100 011
010101 000
010102 001
01011* 010
010200 110
010201 000
010202 100
01021* 010
01100* 011
011010 111
011011 010
011012 110
011100 001
011101 010
011102 000
01111* 011
01120* 011
011210 111
011211 001
011212 101
100000 000
100001 101
100002 001
10001* 100
10010* 100
100110 110
100111 101
100112 111
100200 000
100201 110
100202 010
10021* 100
101000 100
101001 001
101002 000
10101* 101
10110* 101
101110 100
101111 111
101112 110
10120* 101
101210 001
101211 111
101212 011
11000* 110
110010 010
110011 111
110012 011
11010* 110
110110 111
110111 100
110112 101
110200 100
110201 010
110202 000
11021* 110
111010 110
111011 011
111012 010
111110 101
111111 110
111112 100
111210 101
111211 011
111212 001
111*0* 111
