000 000 100
000 001 101
000 100 200
000 101 201
000 200 300
000 201 301
000 300 000
000 301 001
000 400 410
000 401 400
000 410 411
000 411 401
001 000 300
001 001 301
001 100 000
001 101 001
001 200 100
001 201 101
001 300 200
001 301 201
001 400 401
001 401 411
001 410 400
001 411 410
002 000 200
002 001 201
002 100 300
002 101 301
002 200 000
002 201 001
002 300 100
002 301 101
002 400 411
002 401 410
002 410 401
002 411 400
00* 010 010
00* 011 011
00* 110 110
00* 211 211
00* 310 310
00* 311 311
00* 500 500
00* 501 501
00* 510 510
010 010 110
010 011 111
010 110 210
010 111 211
010 210 310
010 211 311
010 310 010
010 311 011
010 500 501
010 501 511
010 510 500
010 511 510
011 010 310
011 011 311
011 110 010
011 111 011
011 210 110
011 211 111
011 310 210
011 311 211
011 500 510
011 501 500
011 510 511
011 511 501
012 010 210
012 011 211
012 110 310
012 111 311
012 210 010
012 211 011
012 310 110
012 311 111
012 500 511
012 501 510
012 510 501
012 511 500
01* 001 001
01* 100 100
01* 101 101
01* 200 200
01* 201 201
01* 300 300
01* 400 400
01* 401 401
01* 411 411
100 000 500
100 010 510
100 201 410
100 211 400
100 300 301
100 301 311
100 310 300
100 311 310
100 400 000
100 410 010
100 500 211
100 510 201
101 000 400
101 010 410
101 201 510
101 211 500
101 300 310
101 301 300
101 310 311
101 311 301
101 400 211
101 410 201
101 500 000
101 510 010
102 000 211
102 010 201
102 201 010
102 211 000
102 300 311
102 301 310
102 310 301
102 311 300
102 400 500
102 410 510
102 500 400
102 510 410
10* 001 001
10* 011 011
10* 100 100
10* 101 101
10* 110 110
10* 200 200
10* 401 401
10* 411 411
10* 501 501
110 001 501
110 011 511
110 100 110
110 101 100
110 110 111
110 111 101
110 200 411
110 210 401
110 401 001
110 411 011
110 501 210
110 511 200
111 001 401
111 011 411
111 100 101
111 101 111
111 110 100
111 111 110
111 200 511
111 210 501
111 401 210
111 411 200
111 501 001
111 511 011
112 001 210
112 011 200
112 100 111
112 101 110
112 110 101
112 111 100
112 200 011
112 210 001
112 401 501
112 411 511
112 501 401
112 511 411
11* 010 010
11* 201 201
11* 211 211
11* 300 300
11* 310 310
11* 311 311
11* 400 400
11* 500 500
11* 510 510
200 000 010
200 001 000
200 010 011
200 011 001
200 100 410
200 110 411
200 301 500
200 311 501
200 410 311
200 411 301
200 500 110
200 501 100
201 000 001
201 001 011
201 010 000
201 011 010
201 100 501
201 110 500
201 301 411
201 311 410
201 410 100
201 411 110
201 500 301
201 501 311
202 000 011
202 001 010
202 010 001
202 011 000
202 100 311
202 110 301
202 301 110
202 311 100
202 410 501
202 411 500
202 500 411
202 501 410
20* 101 101
20* 200 200
20* 201 201
20* 211 211
20* 300 300
20* 310 310
20* 400 400
20* 401 401
20* 510 510
210 101 400
210 111 401
210 200 201
210 201 211
210 210 200
210 211 210
210 300 510
210 310 511
210 400 310
210 401 300
210 510 111
210 511 101
211 101 511
211 111 510
211 200 210
211 201 200
211 210 211
211 211 201
211 300 401
211 310 400
211 400 101
211 401 111
211 510 300
211 511 310
212 101 310
212 111 300
212 200 211
212 201 210
212 210 201
212 211 200
212 300 111
212 310 101
212 400 511
212 401 510
212 510 401
212 511 400
21* 001 001
21* 010 010
21* 011 011
21* 100 100
21* 110 110
21* 311 311
21* 411 411
21* 500 500
21* 501 501
*0* 111 111
*0* 210 210
*0* 511 511
*1* 000 000
*1* 301 301
*1* 410 410
