000000 002
000001 200
000002 202
000100 020
000101 002
000102 022
000200 020
000201 200
000202 220
000*1* 000
000*2* 000
002000 202
002001 000
002002 200
00202* 002
002100 000
002101 022
002102 020
00212* 002
00220* 002
002220 022
002221 202
002222 222
002*1* 002
02000* 020
020020 022
020021 220
020022 222
020100 022
020101 000
020102 002
02012* 020
020200 220
020201 000
020202 200
02022* 020
020*1* 020
02200* 022
022020 222
022021 020
022022 220
022100 002
022101 020
022102 000
02212* 022
02220* 022
022220 222
022221 002
022222 202
022*1* 022
200000 000
200001 202
200002 002
20002* 200
20010* 200
200120 220
200121 202
200122 222
200200 000
200201 220
200202 020
20022* 200
200*1* 200
202000 200
202001 002
202002 000
20202* 202
20210* 202
202120 200
202121 222
202122 220
20220* 202
202220 002
202221 222
202222 022
202*1* 202
22000* 220
220020 020
220021 222
220022 022
22010* 220
220120 222
220121 200
220122 202
220200 200
220201 020
220202 000
22022* 220
220*1* 220
222020 220
222021 022
222022 020
222120 202
222121 220
222122 200
222220 202
222221 022
222222 002
222*0* 222
222*1* 222
