0010000 2
0010001 2
001001* 0
00101** 0
001020* 0
0010210 1
0010211 1
0010*2* 0
0010**2 0
00110** 1
0011100 2
0011101 2
001111* 1
001120* 1
0011210 0
0011211 0
0011*2* 1
0011**2 1
0012000 0
0012001 0
0012100 1
0012101 1
00122** 2
0012*1* 2
0012*2* 2
0012**2 2
010000* 0
0100010 2
0100011 2
01001** 0
0100200 1
0100201 1
010021* 0
0100*2* 0
0100**2 0
01010** 1
0101100 2
0101101 2
0101200 0
0101201 0
0101*1* 1
0101*2* 1
0101**2 1
010200* 2
0102010 0
0102011 0
0102100 1
0102101 1
010211* 2
01022** 2
0102*2* 2
0102**2 2
0120010 2
0120011 2
012002* 0
01201** 0
012021* 0
0120220 1
0120221 1
0120*0* 0
0120**2 0
01210** 1
0121100 2
0121101 2
012112* 1
012120* 1
0121220 0
0121221 0
0121*1* 1
0121**2 1
012200* 2
0122010 0
0122011 0
0122100 1
0122101 1
012211* 2
01222** 2
0122*2* 2
0122**2 2
021001* 0
0210020 2
0210021 2
02101** 0
0210210 1
0210211 1
021022* 0
0210*0* 0
0210**2 0
02110** 1
0211100 2
0211101 2
021111* 1
021120* 1
0211210 0
0211211 0
0211*2* 1
0211**2 1
021200* 2
0212020 0
0212021 0
0212100 1
0212101 1
021212* 2
02122** 2
0212*1* 2
0212**2 2
1000000 2
1000001 2
10001** 0
1000200 1
1000201 1
1000*1* 0
1000*2* 0
1000**2 0
10010** 1
100110* 1
1001110 2
1001111 2
1001200 0
1001201 0
100121* 1
1001*2* 1
1001**2 1
1002000 0
1002001 0
100201* 2
100210* 2
1002110 1
1002111 1
10022** 2
1002*2* 2
1002**2 2
1020000 2
1020001 2
102002* 0
10201** 0
102020* 0
1020220 1
1020221 1
1020*1* 0
1020**2 0
10210** 1
1021110 2
1021111 2
102112* 1
102121* 1
1021220 0
1021221 0
1021*0* 1
1021**2 1
1022000 0
1022001 0
102201* 2
102210* 2
1022110 1
1022111 1
10222** 2
1022*2* 2
1022**2 2
120000* 0
1200020 2
1200021 2
12001** 0
1200200 1
1200201 1
120022* 0
1200*1* 0
1200**2 0
12010** 1
120110* 1
1201110 2
1201111 2
1201200 0
1201201 0
120121* 1
1201*2* 1
1201**2 1
120201* 2
1202020 0
1202021 0
1202110 1
1202111 1
120212* 2
12022** 2
1202*0* 2
1202**2 2
1220020 2
1220021 2
12201** 0
1220220 1
1220221 1
1220*0* 0
1220*1* 0
1220**2 0
12210** 1
1221110 2
1221111 2
122112* 1
122121* 1
1221220 0
1221221 0
1221*0* 1
1221**2 1
122201* 2
1222020 0
1222021 0
1222110 1
1222111 1
122212* 2
12222** 2
1222*0* 2
1222**2 2
2010000 2
2010001 2
201001* 0
20101** 0
201020* 0
2010210 1
2010211 1
2010*2* 0
2010**2 0
20110** 1
201111* 1
2011120 2
2011121 2
2011210 0
2011211 0
201122* 1
2011*0* 1
2011**2 1
2012000 0
2012001 0
201202* 2
201210* 2
2012120 1
2012121 1
20122** 2
2012*1* 2
2012**2 2
210000* 0
2100010 2
2100011 2
21001** 0
2100200 1
2100201 1
210021* 0
2100*2* 0
2100**2 0
21010** 1
210110* 1
2101120 2
2101121 2
2101200 0
2101201 0
210122* 1
2101*1* 1
2101**2 1
2102010 0
2102011 0
210202* 2
210211* 2
2102120 1
2102121 1
21022** 2
2102*0* 2
2102**2 2
2120010 2
2120011 2
212002* 0
21201** 0
212021* 0
2120220 1
2120221 1
2120*0* 0
2120**2 0
21210** 1
2121120 2
2121121 2
2121220 0
2121221 0
2121*0* 1
2121*1* 1
2121**2 1
2122010 0
2122011 0
212202* 2
212211* 2
2122120 1
2122121 1
21222** 2
2122*0* 2
2122**2 2
221001* 0
2210020 2
2210021 2
22101** 0
2210210 1
2210211 1
221022* 0
2210*0* 0
2210**2 0
22110** 1
221111* 1
2211120 2
2211121 2
2211210 0
2211211 0
221122* 1
2211*0* 1
2211**2 1
2212020 0
2212021 0
2212120 1
2212121 1
22122** 2
2212*0* 2
2212*1* 2
2212**2 2
