000 000 100
000 001 101
000 002 102
000 100 200
000 101 201
000 102 202
000 200 300
000 201 301
000 202 302
000 300 000
000 301 001
000 302 002
000 400 420
000 401 410
000 402 400
000 410 421
000 412 401
000 420 422
000 421 412
000 422 402
001 000 300
001 001 301
001 002 302
001 100 000
001 101 001
001 102 002
001 200 100
001 201 101
001 202 102
001 300 200
001 301 201
001 302 202
001 400 402
001 401 412
001 402 422
001 410 401
001 412 421
001 420 400
001 421 410
001 422 420
002 000 200
002 001 201
002 002 202
002 100 300
002 101 301
002 102 302
002 200 000
002 201 001
002 202 002
002 300 100
002 301 101
002 302 102
002 400 422
002 401 421
002 402 420
002 410 412
002 412 410
002 420 402
002 421 401
002 422 400
00* 010 010
00* 012 012
00* 020 020
00* 021 021
00* 022 022
00* 110 110
00* 120 120
00* 212 212
00* 222 222
00* 310 310
00* 312 312
00* 320 320
00* 321 321
00* 322 322
00* 500 500
00* 501 501
00* 502 502
00* 510 510
00* 520 520
010 010 110
010 011 111
010 012 112
010 110 210
010 111 211
010 112 212
010 210 310
010 211 311
010 212 312
010 310 010
010 311 011
010 312 012
011 010 310
011 011 311
011 012 312
011 110 010
011 111 011
011 112 012
011 210 110
011 211 111
011 212 112
011 310 210
011 311 211
011 312 212
012 010 210
012 011 211
012 012 212
012 110 310
012 111 311
012 112 312
012 210 010
012 211 011
012 212 012
012 310 110
012 311 111
012 312 112
01* 001 001
01* 021 021
01* 101 101
01* 121 121
01* 201 201
01* 221 221
01* 301 301
01* 321 321
01* 401 401
01* 410 410
01* 412 412
01* 421 421
01* 501 501
01* 510 510
01* 512 512
01* 521 521
020 020 120
020 021 121
020 022 122
020 120 220
020 121 221
020 122 222
020 220 320
020 221 321
020 222 322
020 320 020
020 321 021
020 322 022
020 500 502
020 501 512
020 502 522
020 510 501
020 512 521
020 520 500
020 521 510
020 522 520
021 020 320
021 021 321
021 022 322
021 120 020
021 121 021
021 122 022
021 220 120
021 221 121
021 222 122
021 320 220
021 321 221
021 322 222
021 500 520
021 501 510
021 502 500
021 510 521
021 512 501
021 520 522
021 521 512
021 522 502
022 020 220
022 021 221
022 022 222
022 120 320
022 121 321
022 122 322
022 220 020
022 221 021
022 222 022
022 320 120
022 321 121
022 322 122
022 500 522
022 501 521
022 502 520
022 510 512
022 512 510
022 520 502
022 521 501
022 522 500
02* 002 002
02* 012 012
02* 100 100
02* 101 101
02* 102 102
02* 110 110
02* 112 112
02* 200 200
02* 201 201
02* 202 202
02* 210 210
02* 212 212
02* 300 300
02* 310 310
02* 400 400
02* 401 401
02* 402 402
02* 412 412
02* 422 422
0** 411 411
0** 511 511
100 000 500
100 010 510
100 020 520
100 202 420
100 212 410
100 222 400
100 300 302
100 301 312
100 302 322
100 310 301
100 312 321
100 320 300
100 321 310
100 322 320
100 400 000
100 410 010
100 420 020
100 500 222
100 510 212
100 520 202
101 000 400
101 010 410
101 020 420
101 202 520
101 212 510
101 222 500
101 300 320
101 301 310
101 302 300
101 310 321
101 312 301
101 320 322
101 321 312
101 322 302
101 400 222
101 410 212
101 420 202
101 500 000
101 510 010
101 520 020
102 000 222
102 010 212
102 020 202
102 202 020
102 212 010
102 222 000
102 300 322
102 301 321
102 302 320
102 310 312
102 312 310
102 320 302
102 321 301
102 322 300
102 400 500
102 410 510
102 420 520
102 500 400
102 510 410
102 520 420
10* 001 001
10* 002 002
10* 012 012
10* 021 021
10* 022 022
10* 100 100
10* 101 101
10* 102 102
10* 110 110
10* 120 120
10* 200 200
10* 201 201
10* 401 401
10* 402 402
10* 412 412
10* 421 421
10* 422 422
10* 501 501
10* 502 502
110 001 501
110 011 511
110 021 521
110 201 421
110 211 411
110 221 401
110 401 001
110 411 011
110 421 021
110 501 221
110 511 211
110 521 201
111 001 401
111 011 411
111 021 421
111 201 521
111 211 511
111 221 501
111 401 221
111 411 211
111 421 201
111 501 001
111 511 011
111 521 021
112 001 221
112 011 211
112 021 201
112 201 021
112 211 011
112 221 001
112 401 501
112 411 511
112 421 521
112 501 401
112 511 411
112 521 421
11* 010 010
11* 012 012
11* 101 101
11* 110 110
11* 112 112
11* 121 121
11* 210 210
11* 212 212
11* 301 301
11* 310 310
11* 312 312
11* 321 321
11* 410 410
11* 412 412
11* 510 510
11* 512 512
120 002 502
120 012 512
120 022 522
120 100 120
120 101 110
120 102 100
120 110 121
120 112 101
120 120 122
120 121 112
120 122 102
120 200 422
120 210 412
120 220 402
120 402 002
120 412 012
120 422 022
120 502 220
120 512 210
120 522 200
121 002 402
121 012 412
121 022 422
121 100 102
121 101 112
121 102 122
121 110 101
121 112 121
121 120 100
121 121 110
121 122 120
121 200 522
121 210 512
121 220 502
121 402 220
121 412 210
121 422 200
121 502 002
121 512 012
121 522 022
122 002 220
122 012 210
122 022 200
122 100 122
122 101 121
122 102 120
122 110 112
122 112 110
122 120 102
122 121 101
122 122 100
122 200 022
122 210 012
122 220 002
122 402 502
122 412 512
122 422 522
122 502 402
122 512 412
122 522 422
12* 020 020
12* 021 021
12* 201 201
12* 202 202
12* 212 212
12* 221 221
12* 222 222
12* 300 300
12* 310 310
12* 320 320
12* 321 321
12* 322 322
12* 400 400
12* 401 401
12* 500 500
12* 501 501
12* 510 510
12* 520 520
12* 521 521
1** 111 111
1** 311 311
200 000 020
200 001 010
200 002 000
200 010 021
200 012 001
200 020 022
200 021 012
200 022 002
200 100 420
200 110 421
200 120 422
200 302 500
200 312 501
200 322 502
200 420 322
200 421 312
200 422 302
200 500 120
200 501 110
200 502 100
201 000 002
201 001 012
201 002 022
201 010 001
201 012 021
201 020 000
201 021 010
201 022 020
201 100 502
201 110 501
201 120 500
201 302 422
201 312 421
201 322 420
201 420 100
201 421 110
201 422 120
201 500 302
201 501 312
201 502 322
202 000 022
202 001 021
202 002 020
202 010 012
202 012 010
202 020 002
202 021 001
202 022 000
202 100 322
202 110 312
202 120 302
202 302 120
202 312 110
202 322 100
202 420 502
202 421 501
202 422 500
202 500 422
202 501 421
202 502 420
20* 101 101
20* 102 102
20* 200 200
20* 201 201
20* 202 202
20* 212 212
20* 222 222
20* 300 300
20* 301 301
20* 310 310
20* 320 320
20* 321 321
20* 400 400
20* 401 401
20* 402 402
20* 410 410
20* 412 412
20* 510 510
20* 520 520
210 101 410
210 111 411
210 121 412
210 301 510
210 311 511
210 321 512
210 410 321
210 411 311
210 412 301
210 510 121
210 511 111
210 512 101
211 101 512
211 111 511
211 121 510
211 301 412
211 311 411
211 321 410
211 410 101
211 411 111
211 412 121
211 510 301
211 511 311
211 512 321
212 101 321
212 111 311
212 121 301
212 301 121
212 311 111
212 321 101
212 410 512
212 411 511
212 412 510
212 510 412
212 511 411
212 512 410
21* 001 001
21* 010 010
21* 012 012
21* 021 021
21* 110 110
21* 112 112
21* 201 201
21* 210 210
21* 212 212
21* 221 221
21* 310 310
21* 312 312
21* 401 401
21* 421 421
21* 501 501
21* 521 521
220 102 400
220 112 401
220 122 402
220 200 202
220 201 212
220 202 222
220 210 201
220 212 221
220 220 200
220 221 210
220 222 220
220 300 520
220 310 521
220 320 522
220 400 320
220 401 310
220 402 300
220 520 122
220 521 112
220 522 102
221 102 522
221 112 521
221 122 520
221 200 220
221 201 210
221 202 200
221 210 221
221 212 201
221 220 222
221 221 212
221 222 202
221 300 402
221 310 401
221 320 400
221 400 102
221 401 112
221 402 122
221 520 300
221 521 310
221 522 320
222 102 320
222 112 310
222 122 300
222 200 222
222 201 221
222 202 220
222 210 212
222 212 210
222 220 202
222 221 201
222 222 200
222 300 122
222 310 112
222 320 102
222 400 522
222 401 521
222 402 520
222 520 402
222 521 401
222 522 400
22* 002 002
22* 012 012
22* 020 020
22* 021 021
22* 022 022
22* 100 100
22* 101 101
22* 110 110
22* 120 120
22* 121 121
22* 321 321
22* 322 322
22* 412 412
22* 422 422
22* 500 500
22* 501 501
22* 502 502
22* 510 510
22* 512 512
2** 011 011
2** 211 211
*0* 011 011
*0* 111 111
*0* 112 112
*0* 121 121
*0* 122 122
*0* 210 210
*0* 211 211
*0* 220 220
*0* 221 221
*0* 311 311
*0* 411 411
*0* 511 511
*0* 512 512
*0* 521 521
*0* 522 522
*1* 000 000
*1* 002 002
*1* 020 020
*1* 022 022
*1* 100 100
*1* 102 102
*1* 120 120
*1* 122 122
*1* 200 200
*1* 202 202
*1* 220 220
*1* 222 222
*1* 300 300
*1* 302 302
*1* 320 320
*1* 322 322
*1* 400 400
*1* 402 402
*1* 420 420
*1* 422 422
*1* 500 500
*1* 502 502
*1* 520 520
*1* 522 522
*2* 000 000
*2* 001 001
*2* 010 010
*2* 011 011
*2* 111 111
*2* 211 211
*2* 301 301
*2* 302 302
*2* 311 311
*2* 312 312
*2* 410 410
*2* 411 411
*2* 420 420
*2* 421 421
*2* 511 511
