0010000 2
0010001 2
001001* 0
00101** 0
001020* 0
0010210 1
0010211 1
0010*2* 0
0010*3* 0
0010**2 0
00110** 1
0011100 2
0011101 2
001111* 1
001120* 1
0011210 0
0011211 0
0011*2* 1
0011*3* 1
0011**2 1
0012000 0
0012001 0
0012100 1
0012101 1
00122** 2
0012*1* 2
0012*2* 2
0012*3* 2
0012**2 2
0020000 2
0020001 2
002002* 0
00201** 0
002020* 0
0020220 1
0020221 1
0020*1* 0
0020*3* 0
0020**2 0
00210** 1
0021100 2
0021101 2
002112* 1
002120* 1
0021220 0
0021221 0
0021*1* 1
0021*3* 1
0021**2 1
0022000 0
0022001 0
0022100 1
0022101 1
00222** 2
0022*1* 2
0022*2* 2
0022*3* 2
0022**2 2
010000* 0
0100010 2
0100011 2
01001** 0
0100200 1
0100201 1
010021* 0
0100*2* 0
0100*3* 0
0100**2 0
01010** 1
0101100 2
0101101 2
0101200 0
0101201 0
0101*1* 1
0101*2* 1
0101*3* 1
0101**2 1
010200* 2
0102010 0
0102011 0
0102100 1
0102101 1
010211* 2
01022** 2
0102*2* 2
0102*3* 2
0102**2 2
0130010 2
0130011 2
013003* 0
01301** 0
013021* 0
0130230 1
0130231 1
0130*0* 0
0130*2* 0
0130**2 0
01310** 1
0131100 2
0131101 2
013113* 1
013120* 1
0131230 0
0131231 0
0131*1* 1
0131*2* 1
0131**2 1
013200* 2
0132010 0
0132011 0
0132100 1
0132101 1
013211* 2
01322** 2
0132*2* 2
0132*3* 2
0132**2 2
020000* 0
0200020 2
0200021 2
02001** 0
0200200 1
0200201 1
020022* 0
0200*1* 0
0200*3* 0
0200**2 0
02010** 1
0201100 2
0201101 2
0201200 0
0201201 0
0201*1* 1
0201*2* 1
0201*3* 1
0201**2 1
020200* 2
0202020 0
0202021 0
0202100 1
0202101 1
020212* 2
02022** 2
0202*1* 2
0202*3* 2
0202**2 2
0230020 2
0230021 2
023003* 0
02301** 0
023022* 0
0230230 1
0230231 1
0230*0* 0
0230*1* 0
0230**2 0
02310** 1
0231100 2
0231101 2
023113* 1
023120* 1
0231230 0
0231231 0
0231*1* 1
0231*2* 1
0231**2 1
023200* 2
0232020 0
0232021 0
0232100 1
0232101 1
023212* 2
02322** 2
0232*1* 2
0232*3* 2
0232**2 2
031001* 0
0310030 2
0310031 2
03101** 0
0310210 1
0310211 1
031023* 0
0310*0* 0
0310*2* 0
0310**2 0
03110** 1
0311100 2
0311101 2
031111* 1
031120* 1
0311210 0
0311211 0
0311*2* 1
0311*3* 1
0311**2 1
031200* 2
0312030 0
0312031 0
0312100 1
0312101 1
031213* 2
03122** 2
0312*1* 2
0312*2* 2
0312**2 2
032002* 0
0320030 2
0320031 2
03201** 0
0320220 1
0320221 1
032023* 0
0320*0* 0
0320*1* 0
0320**2 0
03210** 1
0321100 2
0321101 2
032112* 1
032120* 1
0321220 0
0321221 0
0321*1* 1
0321*3* 1
0321**2 1
032200* 2
0322030 0
0322031 0
0322100 1
0322101 1
032213* 2
03222** 2
0322*1* 2
0322*2* 2
0322**2 2
1000000 2
1000001 2
10001** 0
1000200 1
1000201 1
1000*1* 0
1000*2* 0
1000*3* 0
1000**2 0
10010** 1
100110* 1
1001110 2
1001111 2
1001200 0
1001201 0
100121* 1
1001*2* 1
1001*3* 1
1001**2 1
1002000 0
1002001 0
100201* 2
100210* 2
1002110 1
1002111 1
10022** 2
1002*2* 2
1002*3* 2
1002**2 2
1030000 2
1030001 2
103003* 0
10301** 0
103020* 0
1030230 1
1030231 1
1030*1* 0
1030*2* 0
1030**2 0
10310** 1
1031110 2
1031111 2
103113* 1
103121* 1
1031230 0
1031231 0
1031*0* 1
1031*2* 1
1031**2 1
1032000 0
1032001 0
103201* 2
103210* 2
1032110 1
1032111 1
10322** 2
1032*2* 2
1032*3* 2
1032**2 2
130000* 0
1300030 2
1300031 2
13001** 0
1300200 1
1300201 1
130023* 0
1300*1* 0
1300*2* 0
1300**2 0
13010** 1
130110* 1
1301110 2
1301111 2
1301200 0
1301201 0
130121* 1
1301*2* 1
1301*3* 1
1301**2 1
130201* 2
1302030 0
1302031 0
1302110 1
1302111 1
130213* 2
13022** 2
1302*0* 2
1302*2* 2
1302**2 2
1330030 2
1330031 2
13301** 0
1330230 1
1330231 1
1330*0* 0
1330*1* 0
1330*2* 0
1330**2 0
13310** 1
1331110 2
1331111 2
133113* 1
133121* 1
1331230 0
1331231 0
1331*0* 1
1331*2* 1
1331**2 1
133201* 2
1332030 0
1332031 0
1332110 1
1332111 1
133213* 2
13322** 2
1332*0* 2
1332*2* 2
1332**2 2
2000000 2
2000001 2
20001** 0
2000200 1
2000201 1
2000*1* 0
2000*2* 0
2000*3* 0
2000**2 0
20010** 1
200110* 1
2001120 2
2001121 2
2001200 0
2001201 0
200122* 1
2001*1* 1
2001*3* 1
2001**2 1
2002000 0
2002001 0
200202* 2
200210* 2
2002120 1
2002121 1
20022** 2
2002*1* 2
2002*3* 2
2002**2 2
2030000 2
2030001 2
203003* 0
20301** 0
203020* 0
2030230 1
2030231 1
2030*1* 0
2030*2* 0
2030**2 0
20310** 1
2031120 2
2031121 2
203113* 1
203122* 1
2031230 0
2031231 0
2031*0* 1
2031*1* 1
2031**2 1
2032000 0
2032001 0
203202* 2
203210* 2
2032120 1
2032121 1
20322** 2
2032*1* 2
2032*3* 2
2032**2 2
230000* 0
2300030 2
2300031 2
23001** 0
2300200 1
2300201 1
230023* 0
2300*1* 0
2300*2* 0
2300**2 0
23010** 1
230110* 1
2301120 2
2301121 2
2301200 0
2301201 0
230122* 1
2301*1* 1
2301*3* 1
2301**2 1
230202* 2
2302030 0
2302031 0
2302120 1
2302121 1
230213* 2
23022** 2
2302*0* 2
2302*1* 2
2302**2 2
2330030 2
2330031 2
23301** 0
2330230 1
2330231 1
2330*0* 0
2330*1* 0
2330*2* 0
2330**2 0
23310** 1
2331120 2
2331121 2
233113* 1
233122* 1
2331230 0
2331231 0
2331*0* 1
2331*1* 1
2331**2 1
233202* 2
2332030 0
2332031 0
2332120 1
2332121 1
233213* 2
23322** 2
2332*0* 2
2332*1* 2
2332**2 2
3010000 2
3010001 2
301001* 0
30101** 0
301020* 0
3010210 1
3010211 1
3010*2* 0
3010*3* 0
3010**2 0
30110** 1
301111* 1
3011130 2
3011131 2
3011210 0
3011211 0
301123* 1
3011*0* 1
3011*2* 1
3011**2 1
3012000 0
3012001 0
301203* 2
301210* 2
3012130 1
3012131 1
30122** 2
3012*1* 2
3012*2* 2
3012**2 2
3020000 2
3020001 2
302002* 0
30201** 0
302020* 0
3020220 1
3020221 1
3020*1* 0
3020*3* 0
3020**2 0
30210** 1
302112* 1
3021130 2
3021131 2
3021220 0
3021221 0
302123* 1
3021*0* 1
3021*1* 1
3021**2 1
3022000 0
3022001 0
302203* 2
302210* 2
3022130 1
3022131 1
30222** 2
3022*1* 2
3022*2* 2
3022**2 2
310000* 0
3100010 2
3100011 2
31001** 0
3100200 1
3100201 1
310021* 0
3100*2* 0
3100*3* 0
3100**2 0
31010** 1
310110* 1
3101130 2
3101131 2
3101200 0
3101201 0
310123* 1
3101*1* 1
3101*2* 1
3101**2 1
3102010 0
3102011 0
310203* 2
310211* 2
3102130 1
3102131 1
31022** 2
3102*0* 2
3102*2* 2
3102**2 2
3130010 2
3130011 2
313003* 0
31301** 0
313021* 0
3130230 1
3130231 1
3130*0* 0
3130*2* 0
3130**2 0
31310** 1
3131130 2
3131131 2
3131230 0
3131231 0
3131*0* 1
3131*1* 1
3131*2* 1
3131**2 1
3132010 0
3132011 0
313203* 2
313211* 2
3132130 1
3132131 1
31322** 2
3132*0* 2
3132*2* 2
3132**2 2
320000* 0
3200020 2
3200021 2
32001** 0
3200200 1
3200201 1
320022* 0
3200*1* 0
3200*3* 0
3200**2 0
32010** 1
320110* 1
3201130 2
3201131 2
3201200 0
3201201 0
320123* 1
3201*1* 1
3201*2* 1
3201**2 1
3202020 0
3202021 0
320203* 2
320212* 2
3202130 1
3202131 1
32022** 2
3202*0* 2
3202*1* 2
3202**2 2
3230020 2
3230021 2
323003* 0
32301** 0
323022* 0
3230230 1
3230231 1
3230*0* 0
3230*1* 0
3230**2 0
32310** 1
3231130 2
3231131 2
3231230 0
3231231 0
3231*0* 1
3231*1* 1
3231*2* 1
3231**2 1
3232020 0
3232021 0
323203* 2
323212* 2
3232130 1
3232131 1
32322** 2
3232*0* 2
3232*1* 2
3232**2 2
331001* 0
3310030 2
3310031 2
33101** 0
3310210 1
3310211 1
331023* 0
3310*0* 0
3310*2* 0
3310**2 0
33110** 1
331111* 1
3311130 2
3311131 2
3311210 0
3311211 0
331123* 1
3311*0* 1
3311*2* 1
3311**2 1
3312030 0
3312031 0
3312130 1
3312131 1
33122** 2
3312*0* 2
3312*1* 2
3312*2* 2
3312**2 2
332002* 0
3320030 2
3320031 2
33201** 0
3320220 1
3320221 1
332023* 0
3320*0* 0
3320*1* 0
3320**2 0
33210** 1
332112* 1
3321130 2
3321131 2
3321220 0
3321221 0
332123* 1
3321*0* 1
3321*1* 1
3321**2 1
3322030 0
3322031 0
3322130 1
3322131 1
33222** 2
3322*0* 2
3322*1* 2
3322*2* 2
3322**2 2
