000011112222333344445555 0
110022113322003344445555 1
330000111122223344445555 1
220033110022113344445555 1
505011112424333304042525 1
404011112525333324240505 1
202011112020333354544545 1
000041412222353544331155 1
000051512222343444113355 1
000031312222313144554455 1
001111222233330044445555 1
003311002211332244445555 1
002211332200331144445555 1
050511114242333340405252 1
040411115252333342425050 1
020211110202333345455454 1
000014142222535333445511 1
000015152222434311445533 1
000013132222131355445544 1
